2 -31.1136 -28.8912 13.3 7 0.1
3 -29.669 -28.8912 10.9 7 0.1
4 -30.558 -30.4469 4.1 7 0.1
5 -27.1133 -27.0022 0.0 7 0.1
6 -29.4468 -25.7798 4.1 7 0.1
7 -29.0023 -25.5576 2.9 7 0.1
8 -30.7802 -23.8908 9.4 7 0.1
9 -29.3357 -25.3354 8.8 7 0.1
10 -29.7802 -20.4461 4.0 7 0.1
11 -30.7802 -19.3349 7.0 7 0.1
12 -29.8913 -20.1127 7.6 7 0.1
13 -29.3357 -20.0016 9.0 7 0.1
14 -30.1135 -15.4457 4.4 7 0.1
15 -27.6689 -13.89 1.7 7 0.1
16 -29.3357 -15.2234 4.2 7 0.1
17 -28.7801 -13.3344 1.6 7 0.1
18 -29.4468 -9.11184 5.8 7 0.1
19 -29.4468 -10.0008 6.6 7 0.1
20 -29.3357 -9.4452 6.2 7 0.1
21 -27.8911 -8.8896 2.2 7 0.1
22 -29.2246 -5.44488 4.1 7 0.1
23 -30.558 -6.1116 5.3 7 0.1
24 -29.4468 -4.22256 6.2 7 0.1
25 -29.8913 -5.11152 4.0 7 0.1
26 -28.669 -0.22224 2.3 7 0.1
27 -28.2245 0.44448 2.2 7 0.1
28 -30.0024 -0.22224 4.0 7 0.1
29 -29.8913 0.33336 4.0 7 0.1
30 -28.5578 4.00032 2.1 7 0.1
31 -29.0023 5.22264 4.0 7 0.1
32 -28.4467 4.22256 2.4 7 0.1
33 -28.3356 5.0004 2.0 7 0.1
34 -28.3356 8.8896 2.0 7 0.1
35 -30.3358 10.0008 6.6 7 0.1
36 -30.3358 10.1119 4.3 7 0.0
37 -28.0022 9.88968 2.1 7 0.1
38 -29.4468 15.3346 7.4 7 0.1
39 -30.3358 15.1123 4.1 7 0.1
40 -28.7801 13.5566 1.5 7 0.1
41 -30.0024 14.6678 8.9 7 0.0
42 -29.5579 20.335 8.3 7 0.1
43 -27.78 18.0014 1.1 7 0.1
44 -30.1135 20.6683 7.3 7 0.0
45 -29.8913 19.8905 4.1 7 0.1
46 -26.4466 22.224 0.2 7 0.1
47 -28.5578 23.8908 10.7 7 0.0
48 -30.6691 24.8909 5.6 7 0.1
49 -29.0023 24.2242 2.1 7 0.1
50 -28.7801 29.5579 4.2 7 0.1
51 -27.1133 26.6688 0.0 7 0.1
52 -29.1134 29.0023 6.2 7 0.1
53 -29.2246 30.2246 4.2 7 0.1
54 -24.4464 -29.4468 12.8 7 0.1
55 -23.5574 -26.891 0.0 7 0.1
56 -25.6687 -29.669 9.3 7 0.1
57 -24.8909 -30.558 4.1 7 0.1
58 -25.2242 -23.8908 9.8 7 0.1
59 -25.4465 -24.0019 4.6 7 0.1
60 -23.3352 -23.5574 2.2 7 0.1
61 -24.7798 -23.5574 10.9 7 0.1
62 -23.6686 -18.557 1.8 7 0.1
63 -23.7797 -18.7793 2.5 7 0.1
64 -23.8908 -19.3349 9.6 7 0.1
65 -25.6687 -19.7794 6.3 7 0.1
66 -24.0019 -13.6678 2.7 7 0.1
67 -24.0019 -14.5567 2.1 7 0.1
68 -24.4464 -13.2233 2.5 7 0.1
69 -24.4464 -14.8901 4.0 7 0.1
70 -23.113 -9.55632 2.7 7 0.1
71 -24.3353 -8.77848 2.3 7 0.1
72 -23.113 -8.44512 2.9 7 0.1
73 -23.2241 -9.33408 3.0 7 0.1
74 -23.8908 -5.11152 2.7 7 0.1
75 -23.7797 -4.11144 3.0 7 0.1
76 -23.8908 -4.55592 4.0 7 0.1
77 -23.3352 -4.88928 2.9 7 0.1
78 -23.7797 -0.22224 3.2 7 0.1
79 -23.6686 0.22224 3.0 7 0.1
80 -24.4464 0 4.0 7 0.1
81 -24.0019 0.11112 3.0 7 0.1
82 -23.4463 5.11152 3.0 7 0.1
83 -23.7797 4.66704 2.8 7 0.1
84 -24.113 4.88928 2.7 7 0.1
85 -23.7797 4.33368 3.1 7 0.1
86 -23.2241 9.33408 2.5 7 0.1
87 -24.2242 9.22296 2.6 7 0.1
88 -23.7797 9.55632 3.3 7 0.1
89 -24.7798 10.0008 4.0 7 0.1
90 -24.8909 14.6678 6.2 7 0.1
91 -23.5574 13.5566 2.6 7 0.1
92 -24.4464 13.4455 5.8 7 0.1
93 -23.4463 14.3345 2.6 7 0.1
94 -24.4464 19.5571 4.2 7 0.1
95 -23.8908 18.3348 2.1 7 0.1
96 -24.7798 20.335 4.3 7 0.0
97 -23.113 18.0014 2.1 7 0.1
98 -23.113 23.8908 2.6 7 0.1
99 -25.4465 24.5575 4.8 7 0.1
100 -23.2241 23.0018 1.4 7 0.1
101 -24.6686 24.5575 4.0 7 0.1
102 -22.8907 28.0022 1.6 7 0.1
103 -24.8909 28.4467 11.5 7 0.1
104 -25.6687 29.0023 9.6 7 0.1
105 -23.0018 28.1134 1.6 7 0.1
106 -18.4459 -27.8911 1.9 7 0.0
107 -19.446 -28.669 10.6 7 0.1
108 -18.6682 -25.6687 0.4 7 0.1
109 -18.7793 -26.891 0.7 7 0.1
110 -19.446 -24.4464 8.8 7 0.1
111 -18.3348 -24.2242 1.3 7 0.1
112 -18.7793 -23.4463 1.5 7 0.1
113 -20.0016 -25.3354 4.2 7 0.1
114 -19.3349 -18.3348 2.4 7 0.1
115 -19.0015 -18.557 2.6 7 0.1
116 -19.2238 -18.6682 2.4 7 0.1
117 -19.0015 -18.3348 2.1 7 0.1
118 -19.1126 -13.3344 2.7 7 0.1
119 -19.1126 -14.0011 3.4 7 0.1
120 -19.2238 -13.6678 2.8 7 0.1
121 -19.5571 -13.89 3.0 7 0.1
122 -19.7794 -8.8896 2.8 7 0.1
123 -19.446 -9.11184 2.8 7 0.1
124 -19.2238 -9.33408 3.2 7 0.1
125 -19.5571 -8.77848 3.0 7 0.1
126 -18.7793 -4.33368 2.9 7 0.1
127 -19.446 -5.22264 2.9 7 0.1
128 -18.8904 -4.55592 2.9 7 0.1
129 -19.3349 -4.4448 2.5 7 0.1
130 -19.5571 0.22224 2.8 7 0.1
131 -18.557 0.11112 2.7 7 0.1
132 -19.6682 0.22224 2.8 7 0.1
133 -19.0015 0 2.9 7 0.1
134 -19.8905 4.55592 3.0 7 0.1
135 -17.8903 4.4448 2.6 7 0.1
136 -19.1126 4.55592 3.0 7 0.1
137 -18.6682 5.0004 3.0 7 0.1
138 -19.3349 8.66736 3.0 7 0.1
139 -20.1127 9.22296 2.7 7 0.1
140 -19.1126 9.4452 2.9 7 0.1
141 -19.1126 9.11184 3.0 7 0.1
142 -19.0015 14.3345 3.3 7 0.1
143 -19.2238 15.0012 3.1 7 0.1
144 -19.6682 14.2234 2.8 7 0.1
145 -19.2238 13.3344 2.6 7 0.1
146 -20.0016 19.5571 4.0 7 0.1
147 -19.7794 19.7794 6.9 7 0.1
148 -19.0015 20.1127 4.0 7 0.1
149 -18.6682 18.6682 2.4 7 0.1
150 -19.0015 23.7797 1.4 7 0.1
151 -19.8905 25.2242 4.2 7 0.1
152 -18.7793 23.2241 1.6 7 0.1
153 -20.5572 25.5576 4.1 7 0.1
154 -18.1126 26.6688 0.0 7 0.1
155 -18.0014 26.4466 0.5 7 0.1
156 -19.446 29.669 6.5 7 0.1
157 -19.8905 28.8912 11.5 7 0.1
158 -14.2234 -28.1134 1.8 7 0.1
159 -14.4456 -29.0023 11.1 7 0.1
160 -14.4456 -29.669 3.6 7 0.1
161 -14.3345 -29.4468 9.6 7 0.1
162 -14.1122 -22.6685 1.8 7 0.1
163 -14.5567 -23.2241 1.8 7 0.1
164 -15.2234 -23.7797 9.3 7 0.1
165 -14.3345 -25.1131 4.0 7 0.1
166 -14.2234 -18.7793 2.3 7 0.1
167 -14.2234 -18.6682 2.9 7 0.1
168 -14.1122 -18.4459 2.8 7 0.1
169 -14.779 -20.2238 5.0 7 0.1
170 -14.4456 -14.4456 3.0 7 0.1
171 -14.779 -14.0011 3.3 7 0.1
172 -14.5567 -14.2234 3.1 7 0.1
173 -14.3345 -13.89 3.1 7 0.1
174 -13.3344 -8.55624 2.3 7 0.1
175 -13.6678 -8.55624 2.5 7 0.1
176 -14.6678 -8.8896 2.8 7 0.1
177 -13.89 -9.00072 2.3 7 0.1
178 -13.5566 -4.55592 1.8 7 0.1
179 -13.6678 -4.55592 1.7 7 0.1
180 -13.5566 -4.33368 2.0 7 0.1
181 -13.4455 -4.4448 1.5 7 0.1
182 -14.0011 -0.11112 1.4 7 0.1
183 -14.2234 0.11112 1.7 7 0.2
184 -14.6678 0.11112 2.1 7 0.2
185 -13.89 0 1.2 7 0.2
186 -13.89 4.55592 2.1 7 0.1
187 -13.89 4.66704 1.9 7 0.1
188 -13.5566 4.4448 1.4 7 0.1
189 -13.7789 4.77816 2.0 7 0.1
190 -14.5567 9.00072 2.5 7 0.1
191 -13.1122 9.22296 1.8 7 0.1
192 -14.4456 9.4452 2.6 7 0.1
193 -13.89 8.8896 2.5 7 0.1
194 -14.3345 13.4455 3.1 7 0.1
195 -14.4456 14.3345 2.9 7 0.1
196 -14.6678 14.0011 3.2 7 0.1
197 -15.1123 14.0011 3.4 7 0.1
198 -14.8901 19.8905 4.0 7 0.1
199 -14.2234 18.7793 2.5 7 0.1
200 -14.4456 18.7793 2.3 7 0.1
201 -13.89 18.1126 2.7 7 0.1
202 -14.5567 23.3352 1.7 7 0.1
203 -14.8901 24.5575 7.7 7 0.1
204 -14.3345 25.5576 4.1 7 0.1
205 -15.0012 25.3354 4.0 7 0.1
206 -14.0011 26.6688 0.4 7 0.1
207 -15.3346 31.1136 4.2 7 0.1
208 -14.0011 26.3354 0.3 7 0.1
209 -14.1122 30.3358 3.9 7 0.1
210 -11.3342 -29.3357 25.1 7 0.1
211 -10.0008 -29.669 4.1 7 0.1
212 -9.88968 -29.4468 3.2 7 0.1
213 -9.77856 -30.0024 4.0 7 0.1
214 -9.33408 -25.002 4.0 7 0.1
215 -9.66744 -24.3353 4.0 7 0.1
216 -10.223 -24.4464 7.8 7 0.1
217 -9.55632 -24.2242 8.9 7 0.1
218 -10.0008 -20.335 4.0 7 0.1
219 -9.55632 -18.2237 1.9 7 0.1
220 -10.5564 -20.5572 4.4 7 0.1
221 -10.223 -19.446 3.5 7 0.1
222 -9.55632 -13.4455 2.5 7 0.1
223 -9.77856 -14.1122 2.7 7 0.1
224 -9.55632 -13.6678 2.1 7 0.1
225 -9.4452 -14.4456 2.4 7 0.1
226 -9.66744 -8.77848 2.1 7 0.1
227 -10.1119 -8.8896 2.8 7 0.1
228 -9.66744 -9.00072 2.5 7 0.1
229 -9.77856 -8.8896 2.1 7 0.1
230 -10.3342 -5.22264 3.4 7 0.1
231 -10.3342 -5.33376 3.6 7 0.1
232 -9.88968 -4.66704 2.7 7 0.1
233 -9.77856 -4.88928 2.7 7 0.1
234 -10.0008 0.11112 2.8 7 0.1
235 -10.0008 0.11112 2.6 7 0.1
236 -9.77856 0.11112 2.5 7 0.1
237 -10.5564 0 4.0 7 0.1
238 -9.77856 4.88928 2.8 7 0.1
239 -9.88968 4.77816 2.7 7 0.1
240 -10.1119 5.556 3.6 7 0.1
241 -10.3342 5.66712 4.0 7 0.1
242 -10.0008 8.66736 2.4 7 0.1
243 -9.4452 9.22296 1.9 7 0.1
244 -9.4452 9.00072 2.4 7 0.1
245 -9.55632 9.11184 2.5 7 0.1
246 -9.66744 13.7789 2.4 7 0.1
247 -9.88968 13.89 3.1 7 0.1
248 -9.88968 13.4455 3.1 7 0.1
249 -9.88968 14.0011 3.4 7 0.1
250 -10.8898 20.0016 4.0 7 0.1
251 -9.55632 18.3348 2.5 7 0.1
252 -10.5564 21.2239 4.0 7 0.1
253 -10.223 20.0016 4.0 7 0.1
254 -10.0008 24.5575 4.0 7 0.1
255 -10.3342 24.5575 4.1 7 0.1
256 -9.00072 22.6685 1.2 7 0.1
257 -10.1119 25.7798 4.0 7 0.1
258 -9.88968 28.669 11.2 7 0.1
259 -9.11184 28.1134 2.3 7 0.0
260 -9.66744 29.5579 7.5 7 0.1
261 -9.66744 26.6688 0.2 7 0.1
262 -4.88928 -30.0024 4.1 7 0.1
263 -4.55592 -29.2246 8.9 7 0.1
264 -5.77824 -29.4468 10.5 7 0.1
265 -4.4448 -29.0023 2.4 7 0.1
266 -5.11152 -26.0021 4.2 7 0.1
267 -5.556 -24.8909 4.3 7 0.1
268 -5.11152 -23.3352 2.6 7 0.1
269 -5.0004 -24.4464 4.0 7 0.1
270 -5.22264 -20.7794 4.0 7 0.1
271 -5.22264 -20.0016 4.0 7 0.1
272 -4.77816 -17.6681 2.0 7 0.1
273 -4.4448 -18.4459 1.6 7 0.1
274 -4.77816 -13.89 1.8 7 0.1
275 -5.33376 -14.1122 3.3 7 0.1
276 -5.0004 -14.0011 4.0 7 0.1
277 -5.22264 -13.6678 2.3 7 0.1
278 -5.22264 -8.66736 2.9 7 0.1
279 -5.11152 -9.66744 4.0 7 0.1
280 -5.11152 -9.55632 2.8 7 0.1
281 -4.77816 -9.66744 2.9 7 0.1
282 -5.11152 -4.77816 3.3 7 0.1
283 -5.44488 -4.22256 2.8 7 0.1
284 -5.22264 -4.55592 2.6 7 0.1
285 -5.22264 -4.55592 2.8 7 0.1
286 -4.88928 0 3.2 7 0.1
287 -4.66704 0.22224 3.1 7 0.1
288 -5.11152 0.22224 3.3 7 0.1
289 -5.11152 0 2.5 7 0.1
290 -5.22264 4.77816 2.7 7 0.1
291 -5.33376 4.77816 3.1 7 0.1
292 -5.22264 4.88928 3.0 7 0.1
293 -5.11152 5.0004 3.0 7 0.2
294 -4.88928 9.33408 2.7 7 0.1
295 -5.33376 9.66744 3.0 7 0.1
296 -4.88928 9.11184 2.9 7 0.1
297 -5.22264 9.11184 2.8 7 0.1
298 -5.33376 14.779 4.0 7 0.1
299 -5.556 14.5567 4.0 7 0.1
300 -5.33376 14.1122 4.0 7 0.1
301 -5.0004 12.7788 2.5 7 0.1
302 -4.77816 19.8905 6.4 7 0.1
303 -5.0004 20.0016 3.3 7 0.1
304 -5.11152 20.4461 4.0 7 0.1
305 -4.22256 16.8902 1.3 7 0.1
306 -4.66704 21.6684 0.6 7 0.1
307 -4.22256 21.5573 0.4 7 0.1
308 -5.11152 23.3352 2.1 7 0.1
309 -4.88928 22.3351 1.3 7 0.1
310 -5.0004 30.4469 4.3 7 0.1
311 -5.22264 29.0023 11.3 7 0.1
312 -4.88928 29.3357 9.9 7 0.1
313 -4.88928 29.3357 6.3 7 0.1
314 -0.33336 -29.7802 4.2 7 0.1
315 -0.22224 -30.3358 4.0 7 0.1
316 -0.22224 -30.3358 4.2 7 0.1
317 0.11112 -29.4468 4.1 7 0.1
318 -0.33336 -26.4466 4.4 7 0.1
319 -0.11112 -24.8909 6.7 7 0.1
320 -0.5556 -23.7797 2.4 7 0.1
321 0 -24.6686 4.1 7 0.1
322 0 -19.1126 3.2 7 0.1
323 0.22224 -19.2238 8.4 7 0.1
324 0.33336 -20.335 4.0 7 0.1
325 -0.33336 -19.8905 4.0 7 0.1
326 -0.22224 -14.2234 3.8 7 0.1
327 0.44448 -14.6678 5.0 7 0.1
328 0 -15.0012 4.0 7 0.1
329 0 -15.0012 3.6 7 0.1
330 -0.22224 -8.66736 4.0 7 0.1
331 0.33336 -9.55632 4.0 7 0.1
332 0.22224 -9.33408 3.0 7 0.1
333 0 -9.4452 3.3 7 0.1
334 -0.22224 -5.33376 2.7 7 0.1
335 0.11112 -4.55592 3.0 7 0.1
336 -0.44448 -3.8892 3.6 7 0.1
337 0 -4.88928 2.8 7 0.1
338 0.11112 -0.33336 2.5 7 0.1
339 0.11112 0.5556 2.4 7 0.1
340 -0.11112 0.22224 2.4 7 0.1
341 -0.22224 0.22224 2.3 7 0.1
342 -0.11112 4.88928 3.0 7 0.1
343 -0.11112 4.77816 2.9 7 0.2
344 0 4.77816 3.1 7 0.1
345 -0.11112 4.33368 3.3 7 0.1
346 -0.11112 9.22296 3.1 7 0.1
347 -0.44448 9.33408 3.4 7 0.1
348 0.33336 9.55632 4.0 7 0.1
349 -0.66672 9.55632 2.8 7 0.1
350 -0.11112 15.3346 4.0 7 0.1
351 0.22224 15.2234 4.0 7 0.1
352 0.22224 14.8901 4.7 7 0.1
353 0.11112 14.1122 2.9 7 0.0
354 -0.33336 20.0016 3.2 7 0.1
355 -0.22224 19.446 6.1 7 0.1
356 0.11112 19.2238 4.0 7 0.1
357 0 19.0015 2.5 7 0.1
358 -0.5556 23.113 3.0 7 0.1
359 -0.11112 25.2242 4.7 7 0.1
360 0 24.3353 7.5 7 0.1
361 0.22224 24.0019 2.7 7 0.1
362 -0.22224 29.7802 4.1 7 0.1
363 -0.11112 27.8911 1.6 7 0.1
364 0.11112 29.669 10.2 7 0.1
365 -0.5556 27.0022 0.2 7 0.1
366 4.88928 -30.0024 4.1 7 0.1
367 5.44488 -28.669 10.8 7 0.1
368 4.77816 -30.0024 3.7 7 0.1
369 5.0004 -29.5579 4.1 7 0.1
370 5.11152 -24.5575 2.9 7 0.1
371 4.22256 -25.002 4.2 7 0.1
372 4.88928 -25.1131 4.3 7 0.1
373 5.11152 -24.8909 3.5 7 0.1
374 5.0004 -19.5571 3.3 7 0.1
375 4.4448 -19.6682 4.1 7 0.1
376 4.55592 -18.557 8.3 7 0.1
377 4.88928 -20.2238 4.1 7 0.1
378 5.22264 -14.2234 7.2 7 0.1
379 5.0004 -13.1122 8.6 7 0.1
380 5.33376 -15.2234 7.5 7 0.1
381 5.0004 -15.5568 4.1 7 0.1
382 5.0004 -8.8896 7.2 7 0.1
383 4.77816 -8.8896 3.1 7 0.1
384 5.0004 -8.8896 4.0 7 0.1
385 4.88928 -8.8896 3.3 7 0.1
386 4.88928 -4.4448 3.3 7 0.1
387 4.77816 -4.33368 3.4 7 0.1
388 5.0004 -4.4448 3.2 7 0.2
389 5.22264 -3.55584 3.4 7 0.1
390 5.11152 -0.5556 2.9 7 0.1
391 5.0004 0.11112 2.8 7 0.1
392 4.77816 0.11112 2.7 7 0.1
393 4.88928 0.77784 2.6 7 0.1
394 5.33376 3.77808 3.5 7 0.1
395 5.11152 4.22256 3.2 7 0.2
396 5.22264 3.8892 3.4 7 0.1
397 5.33376 4.11144 3.1 7 0.1
398 5.11152 9.33408 3.1 7 0.1
399 4.77816 9.11184 3.2 7 0.1
400 5.0004 8.55624 4.1 7 0.1
401 4.55592 9.4452 3.1 7 0.1
402 4.77816 14.4456 8.6 7 0.1
403 4.66704 14.1122 7.4 7 0.1
404 5.11152 14.4456 3.6 7 0.1
405 4.88928 14.6678 4.9 7 0.1
406 5.11152 19.446 8.5 7 0.1
407 4.55592 19.2238 3.4 7 0.0
408 4.55592 18.8904 2.7 7 0.1
409 4.55592 18.7793 9.1 7 0.1
410 4.55592 23.3352 2.9 7 0.1
411 5.22264 25.1131 9.3 7 0.1
412 4.66704 26.2243 4.1 7 0.1
413 4.88928 24.7798 3.6 7 0.1
414 4.55592 30.2246 9.5 7 0.1
415 4.22256 28.3356 2.3 7 0.1
416 4.4448 29.7802 3.0 7 0.1
417 5.0004 30.1135 4.1 7 0.1
418 10.223 -29.5579 4.2 7 0.1
419 9.66744 -28.669 10.3 7 0.1
420 9.66744 -28.8912 2.6 7 0.1
421 9.88968 -28.8912 11.4 7 0.1
422 9.4452 -25.002 4.1 7 0.1
423 10.7786 -25.1131 4.1 7 0.1
424 10.0008 -24.7798 4.1 7 0.1
425 9.55632 -24.113 1.5 7 0.1
426 9.88968 -19.2238 8.8 7 0.1
427 9.00072 -19.6682 4.3 7 0.1
428 10.3342 -20.335 4.0 7 0.1
429 9.66744 -19.5571 4.2 7 0.1
430 9.77856 -15.3346 3.2 7 0.1
431 9.55632 -13.1122 9.9 7 0.1
432 9.66744 -14.0011 8.7 7 0.1
433 10.1119 -14.6678 3.8 7 0.1
434 9.55632 -9.22296 2.5 7 0.1
435 9.22296 -9.00072 2.4 7 0.1
436 9.55632 -8.66736 2.5 7 0.1
437 10.0008 -10.3342 4.0 7 0.1
438 9.66744 -4.11144 2.7 7 0.1
439 10.0008 -4.33368 2.7 7 0.1
440 9.55632 -4.66704 2.5 7 0.1
441 9.66744 -3.3336 3.0 7 0.1
442 9.66744 0 2.3 7 0.1
443 9.77856 1.1112 2.7 7 0.1
444 9.77856 -0.33336 2.5 7 0.1
445 9.88968 -0.77784 2.5 7 0.1
446 9.55632 3.77808 2.9 7 0.1
447 10.0008 3.66696 4.0 7 0.1
448 9.66744 4.22256 2.7 7 0.1
449 9.66744 4.88928 2.5 7 0.1
450 10.223 9.22296 4.1 7 0.1
451 10.223 10.0008 3.7 7 0.1
452 10.3342 9.22296 4.0 7 0.1
453 10.3342 9.4452 4.0 7 0.1
454 10.1119 15.8902 4.1 7 0.1
455 9.66744 14.0011 3.0 7 0.1
456 9.77856 14.779 3.7 7 0.1
457 10.1119 15.4457 4.0 7 0.1
458 9.88968 19.0015 4.1 7 0.1
459 9.66744 20.1127 7.3 7 0.1
460 10.0008 20.5572 4.4 7 0.1
461 9.77856 18.1126 1.7 7 0.1
462 10.0008 24.6686 4.1 7 0.1
463 10.223 23.3352 11.4 7 0.1
464 9.00072 23.3352 1.7 7 0.1
465 9.88968 24.113 10.6 7 0.1
466 9.77856 29.0023 10.6 7 0.1
467 10.3342 28.5578 12.5 7 0.1
468 9.11184 28.7801 11.5 7 0.1
469 9.55632 28.4467 13.0 7 0.1
470 15.4457 -29.1134 4.1 7 0.1
471 14.779 -29.8913 4.0 7 0.1
472 15.4457 -29.3357 8.8 7 0.1
473 15.2234 -29.8913 7.4 7 0.1
474 13.89 -22.4462 1.7 7 0.1
475 13.89 -23.6686 2.4 7 0.1
476 14.8901 -24.7798 4.0 7 0.1
477 14.6678 -25.3354 4.4 7 0.1
478 14.6678 -20.0016 4.1 7 0.1
479 15.0012 -20.0016 7.4 7 0.1
480 14.6678 -20.2238 4.0 7 0.1
481 13.7789 -17.4458 1.4 7 0.1
482 14.5567 -15.1123 6.8 7 0.0
483 15.1123 -14.0011 6.9 7 0.1
484 15.2234 -14.3345 4.0 7 0.1
485 15.5568 -14.5567 4.1 7 0.1
486 13.001 -8.66736 2.0 7 0.1
487 12.8899 -8.00064 2.1 7 0.1
488 13.2233 -9.22296 1.8 7 0.1
489 13.1122 -9.66744 1.3 7 0.1
490 13.5566 -4.11144 1.9 7 0.1
491 14.4456 -4.66704 2.1 7 0.1
492 13.5566 -4.33368 2.1 7 0.1
493 13.4455 -4.4448 1.9 7 0.1
494 14.1122 0 1.9 7 0.1
495 14.1122 0.33336 1.7 7 0.1
496 14.1122 0.44448 1.6 7 0.2
497 14.779 0.66672 2.1 7 0.1
498 13.6678 4.00032 2.6 7 0.1
499 13.89 3.8892 2.5 7 0.1
500 13.2233 4.00032 2.2 7 0.1
501 13.4455 4.4448 1.9 7 0.1
502 13.001 8.8896 1.8 7 0.1
503 12.3343 8.44512 1.9 7 0.1
504 13.1122 9.11184 1.7 7 0.1
505 13.3344 9.11184 1.3 7 0.1
506 12.8899 13.5566 0.7 7 0.1
507 12.4454 13.2233 0.6 7 0.1
508 15.0012 15.4457 4.0 7 0.1
509 14.8901 14.1122 4.0 7 0.1
510 14.779 19.2238 4.1 7 0.1
511 15.4457 19.8905 3.7 7 0.1
512 13.6678 18.557 2.2 7 0.1
513 13.5566 18.1126 1.3 7 0.1
514 15.0012 24.3353 11.2 7 0.1
515 14.2234 24.3353 4.0 7 0.1
516 13.5566 22.7796 1.5 7 0.1
517 13.4455 22.4462 1.8 7 0.1
518 15.3346 29.669 7.7 7 0.1
519 12.5566 27.1133 0.1 7 0.1
520 14.3345 29.8913 10.4 7 0.1
521 14.8901 30.0024 4.2 7 0.1
522 19.8905 -29.7802 4.5 7 0.1
523 18.7793 -29.3357 3.2 7 0.1
524 19.6682 -30.2246 4.1 7 0.1
525 18.4459 -26.891 1.3 7 0.1
526 18.7793 -24.2242 2.1 7 0.1
527 20.335 -24.2242 3.6 7 0.1
528 19.446 -25.2242 4.1 7 0.1
529 20.0016 -23.8908 8.0 7 0.1
530 19.8905 -19.1126 10.4 7 0.1
531 19.2238 -18.3348 12.6 7 0.1
532 19.1126 -19.1126 2.4 7 0.1
533 18.557 -18.7793 1.4 7 0.1
534 15.8902 -14.0011 0.1 7 0.1
535 19.6682 -13.1122 8.6 7 0.1
536 18.557 -13.7789 2.2 7 0.1
537 17.3347 -14.5567 1.4 7 0.1
538 17.1125 -8.8896 1.6 7 0.1
539 20.1127 -9.33408 5.2 7 0.1
540 17.8903 -9.4452 1.7 7 0.1
541 18.7793 -9.00072 2.3 7 0.1
542 20.335 -3.3336 3.7 7 0.1
543 18.6682 -4.55592 2.9 7 0.1
544 17.4458 -4.77816 2.0 7 0.1
545 18.2237 -5.22264 2.6 7 0.1
546 18.2237 -0.88896 2.7 7 0.1
547 18.7793 -1.55568 2.6 7 0.1
548 19.2238 1.33344 2.9 7 0.1
549 18.0014 0.11112 2.2 7 0.1
550 18.8904 4.66704 3.0 7 0.1
551 20.8906 3.00024 5.7 7 0.1
552 19.446 4.55592 3.2 7 0.1
553 18.6682 5.88936 2.7 7 0.1
554 20.0016 9.4452 4.0 7 0.0
555 16.2235 10.223 0.1 7 0.1
556 19.0015 9.33408 2.7 7 0.1
557 16.4458 10.1119 0.5 7 0.1
558 16.5569 14.1122 0.0 7 0.1
559 16.3346 14.5567 0.0 7 0.1
560 16.4458 14.4456 0.0 7 0.1
561 18.0014 14.1122 1.8 7 0.1
562 19.446 19.5571 3.0 7 0.1
563 19.6682 19.3349 4.0 7 0.1
564 19.5571 20.0016 4.0 7 0.1
565 20.4461 19.5571 8.7 7 0.1
566 20.335 25.1131 4.0 7 0.1
567 19.7794 22.5574 13.3 7 0.1
568 20.7794 25.002 4.0 7 0.1
569 19.446 23.0018 13.8 7 0.1
570 20.6683 27.2244 14.1 7 0.1
571 20.4461 28.8912 11.9 7 0.1
572 18.8904 28.2245 1.5 7 0.1
573 18.0014 27.6689 0.1 7 0.1
574 25.5576 -28.669 11.0 7 0.1
575 25.7798 -30.6691 4.4 7 0.1
576 24.5575 -29.4468 6.3 7 0.1
577 25.5576 -31.447 4.3 7 0.1
578 24.5575 -24.4464 4.2 7 0.1
579 24.7798 -25.4465 3.7 7 0.1
580 25.2242 -25.3354 4.1 7 0.1
581 22.7796 -23.0018 1.5 7 0.1
582 24.3353 -18.8904 9.4 7 0.0
583 25.3354 -19.5571 8.7 7 0.1
584 24.8909 -18.4459 11.6 7 0.1
585 25.2242 -19.6682 7.5 7 0.1
586 21.2239 -14.8901 0.3 7 0.1
587 24.0019 -14.5567 2.5 7 0.1
588 24.6686 -14.5567 9.8 7 0.1
589 23.0018 -14.0011 1.7 7 0.1
590 24.3353 -8.22288 2.9 7 0.1
591 23.8908 -9.33408 2.7 7 0.1
592 20.1127 -10.7786 0.0 7 0.1
593 23.6686 -9.66744 2.2 7 0.1
594 22.7796 -5.556 2.7 7 0.1
595 23.7797 -4.22256 3.0 7 0.1
596 23.5574 -5.0004 2.6 7 0.1
597 23.7797 -4.11144 3.1 7 0.1
598 23.4463 0.88896 2.7 7 0.1
599 23.2241 -1.1112 3.4 7 0.1
600 23.2241 -1.44456 2.5 7 0.1
601 24.4464 -0.66672 2.7 7 0.1
602 24.2242 5.33376 2.6 7 0.1
603 22.224 6.22272 2.1 7 0.1
604 24.5575 4.55592 3.0 7 0.1
605 24.2242 4.88928 3.1 7 0.1
606 22.4462 9.66744 2.1 7 0.1
607 22.224 10.4453 1.7 7 0.1
608 22.7796 9.11184 2.6 7 0.1
609 22.0018 9.88968 1.4 7 0.1
610 22.0018 14.4456 1.0 7 0.1
611 24.5575 14.2234 4.0 7 0.1
612 24.6686 14.779 5.5 7 0.1
613 21.5573 13.4455 1.3 7 0.1
614 24.7798 18.7793 13.2 7 0.1
615 25.4465 17.7792 13.6 7 0.1
616 25.3354 20.2238 4.1 7 0.1
617 24.7798 18.7793 9.1 7 0.1
618 22.4462 23.0018 0.0 7 0.1
619 24.3353 23.8908 10.4 7 0.1
620 23.4463 22.8907 1.2 7 0.1
621 22.7796 22.8907 1.3 7 0.1
622 23.0018 28.1134 1.0 7 0.0
623 23.6686 28.5578 2.5 7 0.1
624 23.8908 30.0024 3.2 7 0.1
625 24.6686 29.2246 3.2 7 0.1
626 29.2246 -28.2245 12.0 7 0.1
627 29.5579 -29.2246 8.5 7 0.1
628 30.3358 -29.8913 4.4 7 0.1
629 29.2246 -30.1135 4.0 7 0.0
630 29.7802 -26.1132 4.5 7 0.1
631 29.8913 -24.3353 14.0 7 0.1
632 30.0024 -24.0019 13.3 7 0.0
633 30.3358 -25.3354 4.0 7 0.1
634 26.7799 -17.3347 0.0 7 0.1
635 27.5578 -19.446 1.2 7 0.1
636 29.3357 -20.0016 4.3 7 0.1
637 29.0023 -20.5572 3.0 7 0.1
638 26.3354 -14.8901 0.0 7 0.1
639 27.0022 -14.0011 0.2 7 0.1
640 27.78 -12.8899 1.0 7 0.1
641 30.3358 -13.7789 9.5 7 0.1
642 26.7799 -10.1119 0.8 7 0.1
643 27.78 -9.22296 1.8 7 0.1
644 26.2243 -10.7786 0.7 7 0.1
645 26.891 -9.4452 2.1 7 0.1
646 27.78 -5.22264 2.3 7 0.1
647 27.78 -6.44496 1.6 7 0.1
648 27.78 -5.556 2.1 7 0.1
649 28.3356 -2.88912 2.5 7 0.1
650 28.7801 -1.55568 4.0 7 0.1
651 28.2245 0 2.6 7 0.1
652 28.3356 0.11112 2.2 7 0.1
653 28.5578 0.88896 2.3 7 0.1
654 28.8912 4.66704 7.3 7 0.1
655 27.4466 6.22272 2.1 7 0.1
656 29.8913 3.44472 6.2 7 0.1
657 28.1134 4.22256 2.1 7 0.1
658 27.3355 9.88968 1.7 7 0.0
659 30.7802 9.4452 4.0 7 0.1
660 31.1136 8.44512 9.0 7 0.1
661 27.1133 9.33408 1.7 7 0.1
662 29.7802 12.8899 8.4 7 0.1
663 30.2246 14.2234 4.0 7 0.1
664 30.1135 14.3345 7.6 7 0.0
665 27.2244 13.2233 0.6 7 0.1
666 29.5579 20.0016 11.5 7 0.1
667 29.2246 17.6681 13.8 7 0.1
668 29.7802 21.1128 4.2 7 0.1
669 27.1133 18.0014 0.0 7 0.1
670 27.0022 22.3351 0.0 7 0.1
671 29.5579 25.6687 4.1 7 0.1
672 30.3358 25.1131 4.1 7 0.1
673 29.669 23.8908 12.5 7 0.1
674 29.0023 27.0022 16.0 7 0.1
675 26.891 26.3354 0.0 7 0.1
676 28.5578 31.3358 4.0 7 0.1
677 26.3354 26.7799 0.0 7 0.1
678 -28.8912 -28.0022 12.1 7 0.1
679 -28.7801 -28.8912 9.0 7 0.1
680 -28.4467 -29.0023 4.2 7 0.1
681 -29.1134 -29.1134 9.5 7 0.1
682 -28.1134 -23.2241 11.3 7 0.1
683 -29.2246 -22.5574 10.8 7 0.1
684 -30.1135 -25.1131 4.0 7 0.1
685 -28.1134 -23.113 10.0 7 0.1
686 -28.669 -19.1126 10.3 7 0.1
687 -29.4468 -18.2237 10.0 7 0.1
688 -28.1134 -19.8905 6.0 7 0.1
689 -28.1134 -19.446 8.9 7 0.1
690 -27.6689 -14.6678 7.8 7 0.1
691 -28.669 -13.89 10.4 7 0.1
692 -28.1134 -13.001 8.5 7 0.1
693 -28.4467 -13.001 10.3 7 0.1
694 -28.4467 -9.33408 9.8 7 0.1
695 -28.0022 -9.00072 8.6 7 0.1
696 -28.3356 -9.4452 9.6 7 0.1
697 -28.3356 -8.66736 7.4 7 0.1
698 -28.0022 -4.4448 9.3 7 0.1
699 -28.3356 -5.11152 9.7 7 0.1
700 -27.8911 -4.22256 9.3 7 0.1
701 -28.3356 -4.33368 9.2 7 0.0
702 -28.669 0.22224 8.4 7 0.1
703 -27.1133 0.11112 7.7 7 0.1
704 -28.4467 -0.22224 8.3 7 0.1
705 -27.8911 -0.66672 9.9 7 0.1
706 -27.6689 5.0004 9.7 7 0.1
707 -28.4467 5.556 7.3 7 0.1
708 -28.669 4.88928 4.0 7 0.1
709 -28.3356 5.22264 9.0 7 0.1
710 -28.4467 9.00072 11.3 7 0.1
711 -29.3357 8.55624 8.9 7 0.1
712 -28.4467 9.55632 7.1 7 0.1
713 -28.4467 9.00072 9.0 7 0.1
714 -28.1134 13.001 10.5 7 0.1
715 -27.78 13.4455 10.2 7 0.1
716 -28.669 13.3344 10.8 7 0.1
717 -27.5578 13.89 10.2 7 0.1
718 -28.1134 19.446 7.6 7 0.1
719 -27.6689 18.6682 10.3 7 0.1
720 -28.3356 18.2237 10.4 7 0.1
721 -27.8911 19.2238 9.5 7 0.1
722 -28.2245 25.1131 5.4 7 0.1
723 -28.2245 23.3352 8.9 7 0.1
724 -28.2245 24.5575 8.4 7 0.1
725 -28.669 23.3352 12.4 7 0.1
726 -28.4467 29.669 4.1 7 0.1
727 -29.669 28.7801 9.1 7 0.1
728 -28.4467 28.2245 12.4 7 0.1
729 -29.2246 29.0023 8.8 7 0.1
730 -23.3352 -28.3356 6.5 7 0.1
731 -23.4463 -27.8911 10.4 7 0.1
732 -23.8908 -29.5579 4.3 7 0.1
733 -24.5575 -29.3357 5.2 7 0.1
734 -21.7795 -22.1129 1.3 7 0.1
735 -24.2242 -23.8908 4.3 7 0.1
736 -23.8908 -25.1131 4.5 7 0.1
737 -23.5574 -22.7796 10.7 7 0.1
738 -23.5574 -19.3349 4.0 7 0.0
739 -23.4463 -18.557 9.6 7 0.1
740 -23.4463 -19.0015 9.6 7 0.1
741 -23.2241 -18.6682 8.9 7 0.1
742 -23.3352 -13.4455 9.5 7 0.0
743 -24.5575 -14.5567 7.1 7 0.1
744 -24.4464 -14.4456 7.9 7 0.1
745 -23.5574 -13.7789 6.2 7 0.1
746 -23.4463 -10.1119 7.1 7 0.0
747 -23.4463 -9.66744 9.1 7 0.1
748 -23.6686 -8.66736 8.4 7 0.1
749 -23.2241 -9.22296 9.5 7 0.1
750 -23.2241 -4.88928 7.8 7 0.1
751 -22.7796 -4.22256 6.4 7 0.1
752 -23.2241 -4.11144 8.6 7 0.1
753 -23.4463 -4.66704 8.5 7 0.1
754 -24.113 -0.44448 8.3 7 0.1
755 -23.8908 0.22224 8.7 7 0.1
756 -23.8908 -0.5556 7.9 7 0.1
757 -23.0018 0.11112 8.5 7 0.1
758 -24.113 4.55592 7.3 7 0.1
759 -23.3352 4.66704 7.1 7 0.1
760 -23.2241 4.11144 8.2 7 0.1
761 -23.6686 3.8892 8.7 7 0.1
762 -23.0018 9.11184 7.9 7 0.1
763 -23.4463 9.77856 8.2 7 0.1
764 -24.113 10.4453 7.2 7 0.1
765 -23.0018 9.4452 7.1 7 0.1
766 -24.113 13.89 10.1 7 0.1
767 -23.7797 14.6678 8.6 7 0.1
768 -24.0019 14.5567 8.6 7 0.1
769 -23.0018 13.6678 9.4 7 0.1
770 -23.3352 18.8904 9.6 7 0.1
771 -23.6686 18.6682 7.8 7 0.0
772 -23.5574 17.4458 11.7 7 0.1
773 -23.7797 20.0016 4.0 7 0.1
774 -23.6686 24.8909 8.8 7 0.1
775 -24.2242 23.113 10.8 7 0.1
776 -23.113 24.5575 7.7 7 0.1
777 -23.6686 23.0018 9.0 7 0.1
778 -23.5574 28.0022 12.1 7 0.1
779 -23.3352 28.7801 8.9 7 0.1
780 -23.4463 27.8911 9.6 7 0.1
781 -24.4464 27.78 9.9 7 0.1
782 -17.6681 -26.0021 1.0 7 0.1
783 -19.0015 -28.3356 7.8 7 0.1
784 -19.5571 -28.669 8.5 7 0.1
785 -18.3348 -28.5578 4.0 7 0.1
786 -19.5571 -23.4463 8.8 7 0.1
787 -19.1126 -22.3351 10.6 7 0.1
788 -19.3349 -22.6685 8.6 7 0.1
789 -18.557 -23.2241 9.3 7 0.1
790 -18.6682 -18.8904 8.7 7 0.1
791 -18.6682 -18.8904 8.2 7 0.1
792 -19.3349 -17.8903 10.0 7 0.1
793 -18.7793 -18.7793 9.2 7 0.1
794 -19.2238 -14.6678 7.9 7 0.1
795 -18.4459 -13.89 8.4 7 0.1
796 -18.7793 -13.1122 8.3 7 0.1
797 -19.2238 -13.4455 8.7 7 0.1
798 -18.6682 -9.22296 8.2 7 0.1
799 -18.4459 -9.11184 7.9 7 0.1
800 -18.3348 -8.66736 7.9 7 0.1
801 -18.557 -8.55624 7.7 7 0.1
802 -18.557 -4.4448 7.5 7 0.1
803 -18.3348 -4.33368 7.2 7 0.1
804 -18.4459 -4.22256 7.7 7 0.1
805 -18.2237 -4.77816 7.2 7 0.1
806 -18.7793 0 7.9 7 0.1
807 -18.8904 0 7.3 7 0.1
808 -18.4459 -0.33336 8.6 7 0.1
809 -18.7793 0.5556 7.9 7 0.1
810 -18.2237 4.22256 6.9 7 0.1
811 -18.7793 4.22256 8.8 7 0.1
812 -18.6682 4.66704 8.6 7 0.1
813 -18.3348 4.22256 8.5 7 0.1
814 -18.6682 8.44512 8.2 7 0.1
815 -19.1126 9.4452 8.5 7 0.1
816 -18.7793 8.334 8.8 7 0.1
817 -18.7793 9.33408 7.5 7 0.1
818 -18.557 13.1122 8.8 7 0.1
819 -19.0015 13.89 8.7 7 0.1
820 -18.557 13.89 8.2 7 0.1
821 -18.8904 14.5567 7.1 7 0.1
822 -18.4459 17.6681 10.6 7 0.1
823 -18.557 18.7793 6.3 7 0.1
824 -19.3349 18.557 8.0 7 0.1
825 -18.3348 18.7793 6.3 7 0.1
826 -19.0015 24.113 9.6 7 0.1
827 -19.0015 24.8909 9.3 7 0.1
828 -19.2238 22.8907 9.9 7 0.1
829 -18.3348 22.5574 1.8 7 0.1
830 -18.8904 28.1134 10.8 7 0.1
831 -19.1126 27.78 4.2 7 0.1
832 -18.7793 28.5578 8.5 7 0.1
833 -18.6682 28.7801 9.9 7 0.1
834 -14.2234 -28.7801 4.1 7 0.1
835 -14.4456 -27.8911 12.3 7 0.1
836 -13.5566 -26.1132 0.8 7 0.1
837 -14.3345 -27.5578 11.6 7 0.1
838 -14.2234 -23.6686 6.0 7 0.1
839 -13.5566 -23.3352 8.0 7 0.1
840 -14.6678 -23.7797 8.4 7 0.1
841 -13.89 -24.2242 8.6 7 0.1
842 -14.1122 -19.2238 6.9 7 0.1
843 -14.2234 -18.1126 9.6 7 0.1
844 -14.2234 -18.3348 9.3 7 0.1
845 -14.4456 -18.0014 8.1 7 0.1
846 -14.4456 -14.0011 7.2 7 0.1
847 -14.2234 -14.3345 6.4 7 0.1
848 -14.2234 -14.3345 7.3 7 0.1
849 -13.5566 -13.001 7.3 7 0.1
850 -14.4456 -9.55632 7.9 7 0.1
851 -14.2234 -8.8896 6.8 7 0.1
852 -14.1122 -8.8896 7.7 7 0.1
853 -13.5566 -9.55632 7.4 7 0.1
854 -13.89 -4.66704 6.3 7 0.1
855 -13.5566 -3.77808 6.0 7 0.1
856 -14.1122 -4.88928 7.3 7 0.1
857 -14.0011 -4.66704 6.8 7 0.1
858 -14.0011 0.11112 7.6 7 0.1
859 -14.0011 -0.5556 7.1 7 0.1
860 -14.2234 0.11112 6.8 7 0.1
861 -14.2234 0 7.2 7 0.1
862 -14.0011 4.4448 6.7 7 0.1
863 -14.0011 4.22256 7.0 7 0.1
864 -14.1122 4.33368 7.3 7 0.1
865 -13.6678 4.55592 6.9 7 0.1
866 -13.4455 7.55616 6.8 7 0.1
867 -14.1122 9.22296 7.9 7 0.1
868 -13.89 9.22296 8.1 7 0.1
869 -14.3345 9.55632 7.8 7 0.1
870 -14.5567 13.5566 8.0 7 0.1
871 -14.2234 13.4455 7.7 7 0.1
872 -13.7789 13.2233 8.0 7 0.1
873 -14.3345 13.89 9.1 7 0.1
874 -14.0011 18.557 8.0 7 0.1
875 -14.4456 19.0015 7.8 7 0.1
876 -14.2234 18.6682 9.0 7 0.1
877 -14.0011 18.2237 9.9 7 0.1
878 -12.8899 22.0018 1.8 7 0.1
879 -14.4456 23.4463 9.3 7 0.1
880 -15.0012 23.0018 9.5 7 0.1
881 -14.5567 23.2241 9.1 7 0.1
882 -14.8901 28.7801 9.1 7 0.1
883 -14.8901 30.2246 4.3 7 0.1
884 -14.4456 26.2243 14.0 7 0.1
885 -14.4456 29.2246 8.4 7 0.1
886 -9.33408 -29.0023 4.0 7 0.1
887 -9.66744 -27.8911 11.3 7 0.1
888 -10.1119 -28.8912 4.0 7 0.1
889 -9.4452 -29.0023 6.8 7 0.1
890 -10.0008 -23.6686 10.8 7 0.1
891 -9.88968 -23.6686 5.0 7 0.1
892 -10.0008 -23.2241 4.0 7 0.1
893 -10.0008 -23.8908 7.5 7 0.1
894 -9.66744 -18.4459 9.4 7 0.1
895 -9.55632 -18.1126 7.8 7 0.1
896 -9.33408 -18.0014 5.6 7 0.1
897 -9.4452 -18.1126 5.8 7 0.1
898 -9.55632 -12.3343 9.3 7 0.1
899 -9.55632 -13.4455 7.0 7 0.1
900 -9.4452 -12.8899 6.4 7 0.1
901 -9.88968 -13.2233 7.9 7 0.1
902 -9.4452 -8.8896 6.0 7 0.1
903 -9.55632 -9.00072 5.6 7 0.1
904 -9.55632 -8.66736 6.4 7 0.1
905 -9.33408 -9.11184 7.2 7 0.1
906 -9.55632 -4.88928 7.0 7 0.1
907 -9.88968 -4.4448 7.3 7 0.1
908 -9.77856 -4.66704 8.1 7 0.1
909 -9.33408 -4.22256 5.4 7 0.1
910 -9.4452 -0.44448 7.3 7 0.2
911 -9.77856 0 7.0 7 0.1
912 -9.4452 -0.22224 6.2 7 0.1
913 -9.55632 -0.11112 7.1 7 0.1
914 -9.88968 5.22264 7.5 7 0.1
915 -9.33408 4.33368 6.2 7 0.1
916 -9.55632 4.55592 6.8 7 0.1
917 -9.4452 4.55592 7.0 7 0.1
918 -9.77856 9.66744 7.8 7 0.1
919 -9.66744 9.00072 7.3 7 0.2
920 -9.55632 8.22288 8.7 7 0.1
921 -9.88968 9.11184 7.5 7 0.1
922 -9.22296 13.2233 6.5 7 0.1
923 -9.66744 14.1122 7.6 7 0.1
924 -9.33408 13.4455 5.6 7 0.1
925 -9.4452 13.4455 8.3 7 0.1
926 -10.4453 18.8904 7.6 7 0.1
927 -9.22296 18.557 7.8 7 0.1
928 -8.8896 19.0015 8.2 7 0.1
929 -9.77856 18.1126 8.4 7 0.1
930 -8.77848 21.7795 1.5 7 0.1
931 -9.55632 25.1131 4.0 7 0.1
932 -9.00072 24.4464 3.9 7 0.1
933 -9.66744 24.2242 4.0 7 0.1
934 -9.00072 28.3356 9.7 7 0.1
935 -9.88968 28.669 8.1 7 0.1
936 -9.22296 26.891 10.4 7 0.1
937 -9.4452 27.1133 11.4 7 0.1
938 -4.66704 -27.78 11.4 7 0.1
939 -5.22264 -27.8911 11.2 7 0.1
940 -5.22264 -27.3355 10.7 7 0.1
941 -5.0004 -28.0022 11.3 7 0.1
942 -4.4448 -24.113 4.0 7 0.1
943 -4.77816 -24.4464 4.0 7 0.1
944 -5.33376 -24.0019 6.4 7 0.1
945 -5.22264 -24.3353 7.3 7 0.1
946 -4.77816 -17.4458 7.9 7 0.1
947 -4.88928 -17.8903 2.4 7 0.1
948 -4.55592 -19.6682 4.0 7 0.1
949 -4.55592 -19.2238 4.0 7 0.1
950 -5.22264 -13.7789 8.1 7 0.1
951 -4.88928 -13.89 7.2 7 0.1
952 -4.66704 -14.0011 7.1 7 0.1
953 -4.77816 -14.6678 6.8 7 0.1
954 -4.88928 -10.0008 6.8 7 0.1
955 -5.33376 -8.77848 7.8 7 0.1
956 -4.77816 -10.3342 6.5 7 0.0
957 -4.88928 -9.55632 7.1 7 0.1
958 -5.11152 -4.66704 7.0 7 0.1
959 -5.11152 -4.55592 8.4 7 0.1
960 -5.22264 -4.55592 7.4 7 0.1
961 -4.88928 -4.55592 7.3 7 0.1
962 -5.22264 0.33336 8.1 7 0.1
963 -5.11152 0.22224 8.6 7 0.1
964 -5.11152 0.11112 7.7 7 0.1
965 -5.22264 0.22224 7.3 7 0.1
966 -5.0004 4.66704 7.3 7 0.1
967 -5.0004 5.22264 7.8 7 0.1
968 -4.88928 4.4448 8.7 7 0.1
969 -5.0004 5.0004 6.9 7 0.1
970 -4.66704 9.66744 6.5 7 0.1
971 -4.77816 9.33408 6.5 7 0.1
972 -5.22264 9.00072 7.9 7 0.1
973 -5.22264 9.22296 8.7 7 0.1
974 -4.77816 13.89 6.3 7 0.1
975 -5.556 14.3345 6.8 7 0.1
976 -4.77816 13.89 6.4 7 0.1
977 -4.77816 13.89 6.6 7 0.1
978 -4.77816 19.2238 4.1 7 0.1
979 -4.88928 19.5571 5.0 7 0.1
980 -4.77816 19.0015 9.4 7 0.1
981 -4.88928 19.1126 4.1 7 0.1
982 -4.88928 24.113 8.2 7 0.1
983 -5.0004 23.5574 4.0 7 0.1
984 -4.77816 23.8908 4.0 7 0.1
985 -5.0004 23.3352 4.1 7 0.1
986 -4.55592 28.669 9.8 7 0.1
987 -5.11152 27.78 8.8 7 0.1
988 -5.22264 27.6689 12.6 7 0.1
989 -4.4448 28.8912 4.1 7 0.1
990 -0.22224 -27.3355 9.6 7 0.1
991 0 -28.3356 2.9 7 0.1
992 -0.33336 -29.0023 6.4 7 0.1
993 -0.11112 -27.3355 11.6 7 0.1
994 -0.66672 -23.6686 6.2 7 0.1
995 -0.22224 -24.113 4.2 7 0.1
996 -0.22224 -24.4464 8.3 7 0.1
997 -0.33336 -22.8907 10.6 7 0.1
998 0.44448 -18.7793 4.0 7 0.1
999 -0.22224 -18.4459 4.0 7 0.1
1000 -0.44448 -18.4459 9.8 7 0.1
1001 -0.66672 -19.3349 4.0 7 0.1
1002 -0.44448 -13.89 7.8 7 0.1
1003 -0.22224 -13.7789 8.0 7 0.1
1004 0.11112 -14.779 7.0 7 0.1
1005 -0.22224 -13.89 4.6 7 0.1
1006 0.11112 -9.4452 8.3 7 0.1
1007 -0.11112 -9.22296 8.3 7 0.1
1008 -0.22224 -9.22296 8.1 7 0.1
1009 -0.33336 -9.66744 8.4 7 0.1
1010 0 -4.88928 8.0 7 0.1
1011 -0.66672 -5.22264 8.5 7 0.1
1012 -0.5556 -4.55592 8.0 7 0.1
1013 -0.11112 -5.33376 8.2 7 0.2
1014 -0.11112 0.66672 8.6 7 0.1
1015 -0.33336 0.88896 8.2 7 0.1
1016 0 0.33336 8.0 7 0.1
1017 -0.11112 0.5556 7.9 7 0.1
1018 -0.22224 4.11144 8.8 7 0.1
1019 -0.11112 4.33368 8.3 7 0.1
1020 -0.11112 3.8892 9.1 7 0.1
1021 0 5.22264 7.9 7 0.1
1022 -0.11112 9.88968 6.6 7 0.1
1023 -0.22224 9.33408 8.9 7 0.1
1024 -0.22224 9.55632 4.7 7 0.1
1025 0 8.77848 8.1 7 0.1
1026 -0.33336 13.89 7.3 7 0.1
1027 0 14.2234 8.4 7 0.1
1028 -0.22224 14.2234 6.6 7 0.1
1029 -0.33336 13.89 6.4 7 0.1
1030 -0.11112 19.446 4.0 7 0.1
1031 -0.22224 18.3348 4.2 7 0.1
1032 0 19.5571 4.0 7 0.1
1033 -0.44448 17.557 10.6 7 0.1
1034 -0.22224 23.8908 10.9 7 0.1
1035 0 23.8908 7.1 7 0.1
1036 0.11112 24.0019 4.0 7 0.1
1037 -0.22224 23.6686 6.8 7 0.1
1038 0 27.8911 12.3 7 0.1
1039 -0.44448 27.5578 11.3 7 0.1
1040 0.33336 26.7799 1.7 7 0.1
1041 -0.33336 28.8912 10.0 7 0.1
1042 4.22256 -28.8912 4.0 7 0.1
1043 4.88928 -28.4467 6.4 7 0.1
1044 4.88928 -28.4467 4.0 7 0.1
1045 5.0004 -28.7801 4.0 7 0.1
1046 5.0004 -24.5575 4.8 7 0.1
1047 4.66704 -23.3352 9.0 7 0.1
1048 4.4448 -22.8907 10.4 7 0.1
1049 4.33368 -24.8909 4.2 7 0.1
1050 4.11144 -18.6682 9.8 7 0.1
1051 4.11144 -19.2238 9.6 7 0.1
1052 4.88928 -19.2238 7.6 7 0.1
1053 4.4448 -19.0015 8.1 7 0.1
1054 4.33368 -13.001 9.9 7 0.1
1055 4.55592 -14.6678 8.1 7 0.1
1056 4.66704 -14.3345 4.0 7 0.1
1057 4.55592 -14.6678 4.1 7 0.1
1058 4.55592 -9.66744 5.8 7 0.1
1059 4.22256 -9.66744 7.8 7 0.2
1060 4.77816 -9.11184 7.0 7 0.1
1061 5.11152 -9.22296 7.4 7 0.1
1062 5.0004 -5.66712 7.7 7 0.1
1063 4.4448 -5.0004 7.6 7 0.1
1064 5.11152 -5.11152 7.8 7 0.1
1065 4.55592 -3.11136 8.3 7 0.1
1066 4.77816 0 8.3 7 0.1
1067 4.88928 0.33336 7.9 7 0.1
1068 4.55592 0.66672 7.7 7 0.1
1069 4.77816 0 7.6 7 0.2
1070 4.66704 4.88928 7.9 7 0.1
1071 4.4448 5.77824 8.2 7 0.1
1072 5.11152 4.22256 9.0 7 0.2
1073 4.77816 6.1116 7.0 7 0.1
1074 4.66704 8.8896 8.0 7 0.1
1075 4.33368 9.4452 5.5 7 0.1
1076 4.88928 10.1119 6.1 7 0.1
1077 4.55592 9.77856 7.2 7 0.1
1078 4.66704 15.4457 4.0 7 0.1
1079 4.55592 14.8901 8.3 7 0.1
1080 4.77816 14.2234 9.0 7 0.1
1081 4.55592 13.6678 7.5 7 0.1
1082 4.77816 19.2238 6.9 7 0.1
1083 4.88928 18.3348 9.1 7 0.1
1084 4.77816 19.1126 4.3 7 0.1
1085 4.66704 18.8904 4.1 7 0.1
1086 4.77816 23.8908 3.9 7 0.1
1087 4.77816 23.6686 4.1 7 0.1
1088 4.22256 22.7796 2.4 7 0.1
1089 4.66704 22.1129 10.6 7 0.1
1090 4.77816 28.669 9.9 7 0.1
1091 4.4448 26.891 12.3 7 0.1
1092 4.55592 28.2245 11.5 7 0.1
1093 5.11152 29.3357 7.1 7 0.1
1094 9.00072 -25.6687 14.8 7 0.1
1095 9.66744 -28.8912 4.0 7 0.1
1096 9.22296 -28.2245 4.0 7 0.1
1097 10.1119 -29.4468 4.1 7 0.1
1098 8.334 -23.6686 4.2 7 0.1
1099 9.55632 -23.8908 4.1 7 0.1
1100 8.66736 -24.0019 4.0 7 0.1
1101 9.66744 -24.6686 4.0 7 0.1
1102 9.33408 -18.7793 7.3 7 0.1
1103 9.22296 -18.1126 8.8 7 0.1
1104 9.66744 -20.0016 4.2 7 0.1
1105 9.33408 -18.6682 4.0 7 0.1
1106 9.4452 -14.6678 7.6 7 0.1
1107 8.8896 -14.5567 4.6 7 0.1
1108 9.4452 -14.5567 8.4 7 0.1
1109 9.4452 -13.89 3.7 7 0.1
1110 9.4452 -10.223 6.4 7 0.1
1111 9.33408 -9.22296 8.0 7 0.1
1112 9.77856 -9.33408 7.4 7 0.1
1113 9.66744 -9.00072 7.7 7 0.1
1114 9.4452 -3.8892 8.6 7 0.1
1115 9.77856 -5.88936 7.3 7 0.1
1116 9.66744 -4.66704 7.4 7 0.1
1117 9.55632 -6.1116 6.0 7 0.1
1118 9.66744 0.11112 7.3 7 0.1
1119 9.11184 0.44448 6.0 7 0.1
1120 9.77856 -0.5556 8.1 7 0.1
1121 9.22296 0.33336 7.0 7 0.1
1122 9.22296 6.6672 6.7 7 0.1
1123 9.22296 6.00048 4.0 7 0.1
1124 9.33408 5.44488 6.5 7 0.2
1125 9.55632 5.44488 6.4 7 0.1
1126 9.11184 9.11184 7.7 7 0.1
1127 9.33408 8.00064 9.3 7 0.1
1128 9.00072 9.22296 6.6 7 0.1
1129 10.3342 9.4452 8.9 7 0.1
1130 9.77856 15.3346 7.1 7 0.1
1131 8.8896 14.2234 4.1 7 0.1
1132 9.55632 14.4456 4.0 7 0.1
1133 9.22296 15.4457 4.2 7 0.1
1134 9.22296 19.5571 4.1 7 0.1
1135 8.8896 19.1126 7.8 7 0.1
1136 8.77848 18.6682 4.1 7 0.1
1137 9.4452 19.0015 4.0 7 0.1
1138 9.11184 23.113 12.1 7 0.1
1139 8.77848 22.4462 9.8 7 0.1
1140 10.223 23.8908 7.1 7 0.1
1141 9.77856 23.7797 4.1 7 0.1
1142 8.77848 28.3356 4.0 7 0.1
1143 9.66744 27.3355 15.0 7 0.0
1144 9.55632 29.8913 4.2 7 0.1
1145 9.4452 27.3355 10.4 7 0.1
1146 13.89 -27.2244 12.3 7 0.1
1147 13.7789 -28.1134 4.0 7 0.1
1148 13.7789 -28.669 4.0 7 0.1
1149 13.5566 -28.4467 8.1 7 0.1
1150 14.5567 -23.8908 4.3 7 0.1
1151 14.2234 -23.0018 9.1 7 0.1
1152 13.5566 -22.224 11.1 7 0.1
1153 13.6678 -22.8907 4.1 7 0.1
1154 14.3345 -19.2238 4.0 7 0.1
1155 13.89 -19.1126 4.0 7 0.1
1156 14.1122 -18.557 8.6 7 0.1
1157 14.0011 -18.557 4.1 7 0.1
1158 14.0011 -13.7789 4.0 7 0.1
1159 14.1122 -14.3345 4.0 7 0.1
1160 14.4456 -13.2233 11.8 7 0.1
1161 14.2234 -13.7789 4.0 7 0.1
1162 13.2233 -9.22296 3.3 7 0.1
1163 13.6678 -8.8896 8.3 7 0.1
1164 13.7789 -9.11184 7.8 7 0.1
1165 13.7789 -10.223 4.6 7 0.1
1166 13.89 -5.22264 6.9 7 0.1
1167 13.5566 -4.00032 6.2 7 0.1
1168 13.7789 -5.11152 6.0 7 0.1
1169 13.5566 -4.22256 6.5 7 0.1
1170 14.0011 0 7.3 7 0.1
1171 14.2234 1.33344 8.1 7 0.1
1172 13.6678 -0.11112 7.3 7 0.1
1173 13.7789 -0.77784 7.4 7 0.1
1174 13.4455 4.77816 6.1 7 0.1
1175 13.7789 4.4448 7.4 7 0.1
1176 14.0011 5.11152 7.8 7 0.1
1177 14.1122 4.4448 7.1 7 0.1
1178 14.3345 9.33408 8.0 7 0.1
1179 13.89 10.4453 4.7 7 0.1
1180 13.7789 9.11184 8.2 7 0.1
1181 14.1122 10.5564 4.0 7 0.1
1182 14.0011 14.5567 4.1 7 0.1
1183 14.0011 15.3346 4.0 7 0.1
1184 11.4454 13.3344 1.0 7 0.1
1185 13.3344 14.5567 4.0 7 0.1
1186 14.1122 19.3349 4.1 7 0.1
1187 13.89 18.7793 4.1 7 0.1
1188 14.5567 18.3348 10.3 7 0.1
1189 14.1122 18.6682 8.5 7 0.1
1190 13.6678 23.7797 6.8 7 0.1
1191 14.2234 24.3353 9.0 7 0.0
1192 14.3345 24.0019 4.5 7 0.1
1193 13.4455 22.7796 10.6 7 0.1
1194 13.6678 27.4466 12.5 7 0.1
1195 13.6678 29.0023 6.6 7 0.1
1196 13.5566 28.3356 2.9 7 0.1
1197 13.5566 30.2246 4.2 7 0.1
1198 19.6682 -29.8913 4.1 7 0.1
1199 19.1126 -28.0022 11.8 7 0.1
1200 18.557 -27.8911 13.4 7 0.1
1201 18.7793 -27.1133 14.6 7 0.1
1202 18.1126 -24.7798 4.0 7 0.1
1203 19.446 -23.113 10.0 7 0.1
1204 19.1126 -23.6686 9.3 7 0.0
1205 18.4459 -23.5574 6.0 7 0.1
1206 18.557 -19.2238 9.8 7 0.1
1207 18.4459 -19.5571 4.6 7 0.1
1208 18.4459 -19.2238 7.0 7 0.1
1209 18.3348 -19.446 4.0 7 0.1
1210 18.557 -13.1122 9.0 7 0.1
1211 15.4457 -13.1122 1.0 7 0.1
1212 15.0012 -13.6678 0.3 7 0.1
1213 16.0013 -13.89 0.9 7 0.1
1214 19.1126 -8.8896 9.9 7 0.1
1215 15.779 -9.77856 1.9 7 0.1
1216 18.557 -9.88968 6.3 7 0.1
1217 15.2234 -10.5564 0.9 7 0.1
1218 16.2235 -6.77832 2.6 7 0.1
1219 18.1126 -4.33368 8.0 7 0.1
1220 18.1126 -4.66704 7.7 7 0.1
1221 17.6681 -4.88928 5.7 7 0.1
1222 18.0014 -0.66672 7.3 7 0.1
1223 18.7793 0.22224 8.1 7 0.1
1224 18.557 -2.00016 8.1 7 0.1
1225 18.8904 1.00008 8.4 7 0.1
1226 19.0015 5.556 7.8 7 0.1
1227 18.1126 5.22264 5.9 7 0.1
1228 18.8904 3.66696 8.0 7 0.0
1229 18.3348 4.4448 8.1 7 0.1
1230 18.4459 8.8896 9.2 7 0.1
1231 18.4459 8.8896 9.6 7 0.1
1232 19.1126 9.77856 7.7 7 0.1
1233 18.557 9.00072 7.8 7 0.1
1234 14.8901 13.3344 0.0 7 0.1
1235 15.1123 13.5566 0.1 7 0.1
1236 18.1126 15.2234 4.1 7 0.1
1237 18.8904 13.001 9.0 7 0.1
1238 18.6682 19.7794 4.0 7 0.1
1239 19.3349 16.668 12.9 7 0.1
1240 19.2238 18.2237 4.0 7 0.1
1241 19.5571 18.6682 9.5 7 0.1
1242 18.4459 24.6686 4.0 7 0.1
1243 17.7792 23.3352 2.3 7 0.1
1244 18.7793 22.6685 3.0 7 0.1
1245 19.1126 24.4464 4.0 7 0.1
1246 18.4459 29.0023 9.1 7 0.1
1247 19.2238 28.7801 4.0 7 0.1
1248 18.8904 28.2245 11.5 7 0.1
1249 19.5571 27.0022 16.3 7 0.1
1250 24.3353 -29.7802 5.0 7 0.1
1251 23.2241 -27.6689 14.2 7 0.1
1252 21.4462 -26.3354 0.0 7 0.1
1253 23.113 -27.8911 12.1 7 0.1
1254 23.6686 -24.7798 4.2 7 0.1
1255 20.5572 -21.1128 0.3 7 0.1
1256 23.6686 -23.6686 11.1 7 0.1
1257 23.0018 -24.6686 4.4 7 0.1
1258 24.0019 -18.8904 8.9 7 0.1
1259 23.3352 -18.3348 4.0 7 0.0
1260 23.8908 -19.7794 4.0 7 0.1
1261 23.4463 -19.3349 4.0 7 0.1
1262 23.7797 -13.2233 9.9 7 0.1
1263 20.6683 -14.3345 0.7 7 0.1
1264 20.335 -13.89 0.9 7 0.1
1265 23.3352 -12.7788 11.4 7 0.1
1266 23.113 -10.0008 7.1 7 0.1
1267 23.3352 -10.0008 9.0 7 0.1
1268 23.0018 -10.1119 8.3 7 0.1
1269 23.113 -11.112 7.0 7 0.1
1270 22.5574 -4.88928 7.6 7 0.1
1271 22.8907 -6.1116 8.9 7 0.1
1272 23.4463 -7.11168 7.0 7 0.0
1273 23.6686 -3.00024 9.9 7 0.1
1274 22.8907 1.1112 8.9 7 0.1
1275 23.6686 -1.1112 8.3 7 0.0
1276 23.0018 -1.1112 8.1 7 0.2
1277 23.0018 1.77792 7.8 7 0.1
1278 23.2241 4.22256 8.0 7 0.1
1279 23.5574 4.77816 6.9 7 0.1
1280 23.113 2.88912 9.7 7 0.1
1281 23.113 4.88928 9.4 7 0.1
1282 21.8906 9.88968 2.9 7 0.1
1283 23.8908 8.66736 8.2 7 0.1
1284 23.6686 10.4453 3.8 7 0.1
1285 23.113 8.77848 8.0 7 0.1
1286 23.2241 12.1121 11.1 7 0.1
1287 23.3352 14.6678 7.6 7 0.0
1288 23.6686 14.779 7.0 7 0.1
1289 23.3352 15.6679 4.0 7 0.1
1290 22.4462 17.2236 0.7 7 0.1
1291 23.4463 18.1126 9.4 7 0.1
1292 23.113 18.557 10.0 7 0.1
1293 23.5574 19.3349 9.1 7 0.1
1294 23.5574 24.0019 4.1 7 0.1
1295 23.0018 22.0018 13.5 7 0.1
1296 22.7796 22.6685 14.2 7 0.1
1297 22.0018 25.2242 4.0 7 0.1
1298 23.6686 30.0024 4.2 7 0.1
1299 24.113 29.2246 4.2 7 0.1
1300 23.4463 27.8911 10.4 7 0.1
1301 23.8908 27.8911 13.7 7 0.1
1302 28.3356 -28.1134 8.7 7 0.1
1303 28.3356 -28.8912 4.2 7 0.1
1304 28.2245 -24.2242 17.5 7 0.1
1305 26.6688 -30.0024 3.7 7 0.1
1306 28.8912 -24.0019 10.2 7 0.1
1307 28.2245 -24.4464 9.6 7 0.1
1308 28.4467 -22.224 11.9 7 0.1
1309 27.78 -23.7797 7.4 7 0.1
1310 28.4467 -19.5571 4.0 7 0.1
1311 25.4465 -17.3347 0.2 7 0.1
1312 26.0021 -18.1126 1.0 7 0.1
1313 28.1134 -18.7793 8.8 7 0.1
1314 28.7801 -15.4457 4.0 7 0.1
1315 26.4466 -15.0012 2.4 7 0.1
1316 24.7798 -14.3345 0.2 7 0.1
1317 28.0022 -15.4457 4.0 7 0.1
1318 29.0023 -9.00072 8.1 7 0.1
1319 28.5578 -8.44512 9.7 7 0.1
1320 28.8912 -9.4452 7.7 7 0.1
1321 27.4466 -10.0008 9.3 7 0.1
1322 27.8911 -6.55608 9.1 7 0.1
1323 27.0022 -6.33384 2.4 7 0.1
1324 28.5578 -1.6668 9.2 7 0.1
1325 28.4467 -5.0004 10.0 7 0.1
1326 27.5578 -0.11112 9.3 7 0.1
1327 28.3356 -0.11112 10.5 7 0.1
1328 28.3356 -0.66672 8.5 7 0.1
1329 28.4467 1.22232 9.6 7 0.1
1330 27.1133 3.00024 10.6 7 0.1
1331 27.5578 4.55592 9.2 7 0.1
1332 28.5578 4.77816 8.8 7 0.1
1333 28.3356 6.88944 7.5 7 0.1
1334 28.669 9.00072 9.1 7 0.1
1335 28.0022 8.00064 10.1 7 0.1
1336 28.2245 10.3342 8.9 7 0.1
1337 28.0022 10.4453 7.5 7 0.1
1338 28.669 14.1122 10.5 7 0.1
1339 28.7801 14.0011 9.1 7 0.1
1340 28.0022 15.1123 4.0 7 0.1
1341 25.4465 14.0011 0.4 7 0.1
1342 28.0022 18.1126 11.3 7 0.1
1343 28.8912 19.1126 4.1 7 0.1
1344 28.3356 18.1126 12.0 7 0.1
1345 28.2245 19.2238 7.9 7 0.1
1346 28.5578 21.8906 13.0 7 0.1
1347 28.5578 22.5574 12.8 7 0.1
1348 28.4467 24.4464 4.4 7 0.1
1349 26.6688 22.8907 1.3 7 0.1
1350 28.669 29.2246 4.2 7 0.1
1351 28.669 29.0023 4.2 7 0.1
1352 25.891 27.5578 1.7 7 0.1
1353 27.78 28.1134 2.3 7 0.1
1354 -28.4467 -27.4466 19.7 7 0.1
1355 -28.3356 -28.669 15.6 7 0.1
1356 -28.669 -29.669 14.8 7 0.1
1357 -27.1133 -28.3356 18.9 7 0.1
1358 -27.3355 -24.7798 15.5 7 0.1
1359 -28.5578 -23.6686 16.7 7 0.1
1360 -27.8911 -22.7796 17.0 7 0.1
1361 -28.1134 -24.113 16.5 7 0.1
1362 -28.2245 -19.2238 16.1 7 0.1
1363 -27.5578 -18.2237 17.7 7 0.1
1364 -28.4467 -19.0015 15.6 7 0.1
1365 -28.1134 -19.8905 15.8 7 0.1
1366 -27.1133 -13.1122 18.1 7 0.1
1367 -27.5578 -14.4456 16.4 7 0.1
1368 -27.6689 -12.7788 17.7 7 0.1
1369 -28.2245 -13.6678 17.3 7 0.1
1370 -28.1134 -10.0008 15.5 7 0.1
1371 -28.1134 -8.44512 16.4 7 0.1
1372 -28.2245 -8.77848 15.9 7 0.1
1373 -28.5578 -9.77856 16.2 7 0.1
1374 -28.8912 -4.66704 15.4 7 0.1
1375 -27.4466 -3.8892 15.8 7 0.1
1376 -29.669 -4.4448 15.7 7 0.1
1377 -27.3355 -4.77816 16.2 7 0.1
1378 -28.1134 -0.88896 16.5 7 0.1
1379 -28.1134 0.11112 15.5 7 0.1
1380 -27.6689 0.22224 16.3 7 0.1
1381 -27.3355 -0.11112 16.5 7 0.1
1382 -28.0022 4.88928 16.6 7 0.0
1383 -27.5578 4.55592 16.4 7 0.1
1384 -27.3355 4.11144 16.6 7 0.1
1385 -27.78 5.0004 15.9 7 0.1
1386 -27.8911 7.33392 16.5 7 0.1
1387 -27.6689 8.8896 16.4 7 0.1
1388 -27.6689 9.77856 15.9 7 0.1
1389 -28.5578 8.44512 16.4 7 0.1
1390 -28.3356 14.779 15.7 7 0.1
1391 -28.1134 14.2234 16.9 7 0.1
1392 -27.78 12.8899 17.9 7 0.1
1393 -27.8911 13.7789 17.1 7 0.0
1394 -28.1134 20.5572 15.7 7 0.1
1395 -27.78 17.557 16.5 7 0.1
1396 -27.8911 18.0014 17.6 7 0.1
1397 -27.8911 18.3348 17.8 7 0.1
1398 -27.0022 22.6685 17.0 7 0.1
1399 -27.5578 23.0018 17.3 7 0.1
1400 -28.2245 22.1129 17.3 7 0.1
1401 -27.4466 24.4464 15.8 7 0.1
1402 -28.2245 27.3355 18.2 7 0.1
1403 -29.0023 28.0022 17.2 7 0.1
1404 -28.7801 28.1134 16.8 7 0.1
1405 -28.2245 27.78 19.0 7 0.1
1406 -24.0019 -27.8911 17.1 7 0.1
1407 -23.2241 -28.1134 16.1 7 0.1
1408 -23.5574 -28.5578 15.3 7 0.1
1409 -23.6686 -26.891 16.7 7 0.1
1410 -23.113 -25.3354 13.8 7 0.1
1411 -22.5574 -23.4463 16.2 7 0.1
1412 -23.4463 -23.5574 15.2 7 0.1
1413 -23.5574 -22.8907 17.6 7 0.1
1414 -23.3352 -20.1127 16.4 7 0.1
1415 -22.4462 -19.5571 15.9 7 0.1
1416 -22.3351 -18.8904 16.7 7 0.1
1417 -23.7797 -19.3349 16.1 7 0.1
1418 -22.224 -12.2232 17.0 7 0.1
1419 -22.8907 -12.5566 18.1 7 0.1
1420 -22.8907 -12.5566 16.1 7 0.1
1421 -22.5574 -14.779 15.2 7 0.1
1422 -24.5575 -9.11184 15.1 7 0.1
1423 -23.5574 -9.88968 16.0 7 0.1
1424 -23.6686 -10.223 15.9 7 0.1
1425 -23.113 -9.55632 16.4 7 0.1
1426 -23.2241 -5.66712 16.0 7 0.1
1427 -23.113 -3.44472 15.9 7 0.1
1428 -23.3352 -4.00032 15.7 7 0.1
1429 -23.113 -4.55592 14.8 7 0.1
1430 -22.8907 -0.33336 15.5 7 0.1
1431 -22.7796 0 15.7 7 0.1
1432 -23.3352 0.11112 15.5 7 0.1
1433 -23.5574 0.66672 15.5 7 0.1
1434 -22.4462 4.4448 16.0 7 0.1
1435 -22.3351 3.77808 15.4 7 0.1
1436 -24.0019 5.556 15.3 7 0.1
1437 -23.113 4.22256 14.4 7 0.1
1438 -23.113 8.55624 17.1 7 0.1
1439 -23.113 8.66736 16.6 7 0.1
1440 -22.7796 9.22296 16.3 7 0.1
1441 -23.6686 10.0008 16.0 7 0.1
1442 -23.113 13.3344 16.1 7 0.1
1443 -23.6686 13.89 15.4 7 0.1
1444 -22.5574 12.6677 16.4 7 0.1
1445 -23.6686 14.779 15.9 7 0.1
1446 -23.0018 19.1126 15.9 7 0.1
1447 -23.3352 18.1126 16.3 7 0.1
1448 -23.2241 17.3347 17.5 7 0.0
1449 -23.2241 19.1126 16.0 7 0.1
1450 -22.8907 22.6685 17.0 7 0.1
1451 -23.2241 23.7797 16.4 7 0.1
1452 -24.4464 22.6685 16.2 7 0.1
1453 -24.0019 22.8907 17.4 7 0.1
1454 -23.3352 28.4467 15.8 7 0.1
1455 -24.4464 27.78 17.5 7 0.1
1456 -23.3352 30.3358 11.4 7 0.1
1457 -23.2241 27.78 18.0 7 0.1
1458 -19.1126 -27.78 17.6 7 0.1
1459 -19.0015 -28.7801 17.2 7 0.1
1460 -18.8904 -28.4467 16.8 7 0.1
1461 -18.4459 -27.0022 17.1 7 0.1
1462 -19.0015 -24.5575 14.2 7 0.1
1463 -18.6682 -24.0019 16.0 7 0.1
1464 -19.446 -24.2242 13.5 7 0.1
1465 -18.6682 -24.113 16.1 7 0.1
1466 -18.1126 -19.2238 14.1 7 0.1
1467 -19.3349 -18.8904 16.5 7 0.1
1468 -18.4459 -19.0015 15.9 7 0.1
1469 -18.3348 -17.3347 17.1 7 0.1
1470 -19.446 -14.1122 16.6 7 0.1
1471 -19.5571 -12.6677 15.7 7 0.1
1472 -19.3349 -14.1122 15.2 7 0.1
1473 -18.1126 -14.1122 16.0 7 0.1
1474 -18.2237 -9.77856 14.8 7 0.1
1475 -19.0015 -9.22296 16.8 7 0.1
1476 -18.8904 -9.33408 14.9 7 0.1
1477 -18.6682 -9.4452 15.9 7 0.1
1478 -18.3348 -4.88928 15.3 7 0.1
1479 -19.0015 -5.77824 15.6 7 0.1
1480 -18.6682 -4.66704 14.7 7 0.1
1481 -19.3349 -5.33376 15.6 7 0.1
1482 -18.8904 0.22224 15.1 7 0.1
1483 -19.3349 0.22224 15.7 7 0.1
1484 -18.557 0 15.7 7 0.1
1485 -18.7793 0.11112 15.5 7 0.1
1486 -17.8903 4.11144 15.5 7 0.1
1487 -18.557 5.0004 15.5 7 0.1
1488 -18.2237 4.33368 15.5 7 0.1
1489 -18.4459 4.11144 14.6 7 0.1
1490 -17.8903 10.0008 15.5 7 0.1
1491 -18.1126 8.44512 15.5 7 0.1
1492 -18.1126 10.223 14.4 7 0.1
1493 -18.7793 9.88968 15.5 7 0.1
1494 -18.2237 14.779 15.1 7 0.1
1495 -18.557 13.4455 15.9 7 0.1
1496 -19.1126 13.7789 16.7 7 0.1
1497 -18.557 13.001 16.2 7 0.1
1498 -18.3348 18.1126 15.9 7 0.1
1499 -18.8904 19.8905 15.3 7 0.1
1500 -18.3348 16.668 17.3 7 0.1
1501 -18.0014 18.8904 15.6 7 0.1
1502 -18.557 23.2241 16.4 7 0.1
1503 -19.1126 22.7796 14.8 7 0.1
1504 -18.1126 24.2242 14.9 7 0.1
1505 -18.8904 21.5573 19.1 7 0.1
1506 -18.6682 28.669 17.1 7 0.1
1507 -18.6682 28.7801 16.7 7 0.1
1508 -18.4459 27.5578 17.2 7 0.1
1509 -18.3348 27.2244 16.3 7 0.1
1510 -13.3344 -27.0022 17.5 7 0.0
1511 -12.7788 -28.1134 14.5 7 0.1
1512 -13.6678 -29.669 15.9 7 0.1
1513 -14.2234 -28.3356 16.9 7 0.1
1514 -13.5566 -22.4462 17.2 7 0.1
1515 -14.4456 -23.0018 15.5 7 0.1
1516 -13.6678 -23.3352 16.6 7 0.1
1517 -13.89 -22.0018 17.3 7 0.1
1518 -14.0011 -19.446 14.3 7 0.1
1519 -14.4456 -18.1126 17.6 7 0.1
1520 -13.6678 -17.4458 16.3 7 0.1
1521 -13.89 -17.8903 14.6 7 0.1
1522 -13.89 -14.779 15.6 7 0.1
1523 -13.89 -13.5566 15.5 7 0.1
1524 -14.1122 -13.4455 15.3 7 0.1
1525 -13.7789 -13.3344 15.9 7 0.1
1526 -14.0011 -9.11184 15.1 7 0.1
1527 -14.2234 -8.44512 15.9 7 0.1
1528 -14.0011 -9.55632 16.0 7 0.1
1529 -14.3345 -9.00072 15.9 7 0.1
1530 -14.3345 -5.0004 15.3 7 0.1
1531 -13.7789 -4.4448 15.1 7 0.1
1532 -14.1122 -5.0004 15.0 7 0.1
1533 -14.1122 -3.77808 15.4 7 0.1
1534 -13.6678 0 14.6 7 0.1
1535 -14.5567 0.5556 15.0 7 0.1
1536 -14.0011 0.22224 15.0 7 0.1
1537 -14.2234 0.11112 15.2 7 0.1
1538 -13.4455 4.00032 14.9 7 0.1
1539 -14.3345 5.22264 15.4 7 0.1
1540 -13.6678 4.4448 14.8 7 0.1
1541 -13.89 4.77816 14.5 7 0.1
1542 -14.1122 10.0008 15.2 7 0.1
1543 -13.6678 9.55632 15.3 7 0.2
1544 -13.6678 9.33408 14.9 7 0.1
1545 -14.3345 9.33408 15.0 7 0.1
1546 -14.1122 12.7788 16.4 7 0.1
1547 -13.7789 13.5566 15.8 7 0.1
1548 -13.7789 13.001 15.4 7 0.1
1549 -14.3345 12.8899 15.9 7 0.1
1550 -14.0011 18.1126 16.3 7 0.1
1551 -13.7789 17.557 16.9 7 0.1
1552 -14.3345 18.0014 17.0 7 0.1
1553 -14.3345 18.6682 16.4 7 0.1
1554 -13.6678 23.8908 14.5 7 0.1
1555 -14.4456 21.7795 16.5 7 0.1
1556 -14.0011 22.6685 16.9 7 0.1
1557 -14.4456 22.1129 17.5 7 0.1
1558 -14.4456 28.669 15.9 7 0.1
1559 -14.3345 28.1134 16.2 7 0.1
1560 -14.0011 27.4466 18.0 7 0.1
1561 -14.1122 27.3355 16.4 7 0.1
1562 -9.66744 -29.669 14.8 7 0.1
1563 -8.8896 -26.1132 18.7 7 0.1
1564 -9.66744 -29.4468 12.7 7 0.1
1565 -9.66744 -28.8912 15.7 7 0.1
1566 -9.00072 -23.0018 15.9 7 0.1
1567 -9.11184 -23.3352 16.8 7 0.1
1568 -8.8896 -23.2241 16.2 7 0.1
1569 -9.33408 -24.2242 14.3 7 0.1
1570 -9.77856 -18.0014 16.2 7 0.1
1571 -8.77848 -17.7792 15.9 7 0.1
1572 -9.55632 -17.4458 16.8 7 0.1
1573 -9.55632 -18.1126 15.8 7 0.1
1574 -9.33408 -14.2234 14.4 7 0.1
1575 -9.55632 -14.6678 14.3 7 0.1
1576 -9.00072 -15.1123 14.8 7 0.1
1577 -9.33408 -13.5566 16.1 7 0.1
1578 -9.11184 -8.8896 14.9 7 0.1
1579 -9.33408 -8.77848 14.3 7 0.1
1580 -9.66744 -9.22296 15.2 7 0.1
1581 -9.4452 -9.88968 15.3 7 0.1
1582 -9.88968 -4.66704 16.0 7 0.1
1583 -9.66744 -4.66704 14.9 7 0.1
1584 -9.33408 -4.77816 14.7 7 0.1
1585 -10.1119 -3.66696 15.7 7 0.1
1586 -10.0008 -0.33336 15.0 7 0.1
1587 -9.77856 -0.66672 15.7 7 0.1
1588 -9.33408 0.77784 14.7 7 0.1
1589 -9.4452 0.11112 14.5 7 0.1
1590 -9.77856 5.556 15.1 7 0.1
1591 -10.1119 4.55592 15.0 7 0.1
1592 -9.4452 4.66704 14.2 7 0.1
1593 -9.55632 4.88928 14.7 7 0.1
1594 -9.66744 9.11184 14.2 7 0.1
1595 -9.88968 9.55632 14.4 7 0.2
1596 -9.88968 9.4452 15.1 7 0.1
1597 -9.66744 8.66736 15.4 7 0.1
1598 -9.33408 13.4455 15.2 7 0.1
1599 -9.66744 14.5567 15.3 7 0.1
1600 -9.11184 13.7789 14.9 7 0.1
1601 -9.4452 12.6677 15.6 7 0.1
1602 -9.00072 18.7793 15.4 7 0.1
1603 -9.22296 18.6682 15.0 7 0.1
1604 -9.55632 18.4459 15.7 7 0.1
1605 -9.33408 18.3348 15.4 7 0.1
1606 -9.55632 23.5574 16.8 7 0.1
1607 -9.22296 22.6685 15.8 7 0.1
1608 -9.77856 24.113 12.8 7 0.1
1609 -10.223 21.8906 17.8 7 0.1
1610 -8.8896 27.3355 16.0 7 0.1
1611 -10.3342 26.0021 18.6 7 0.1
1612 -10.5564 28.1134 16.8 7 0.1
1613 -9.77856 27.6689 15.6 7 0.1
1614 -4.77816 -26.5577 17.9 7 0.1
1615 -4.88928 -27.78 16.7 7 0.1
1616 -4.66704 -28.8912 15.2 7 0.1
1617 -5.22264 -27.78 15.9 7 0.1
1618 -4.77816 -23.5574 15.9 7 0.1
1619 -4.88928 -23.113 15.2 7 0.1
1620 -5.66712 -21.8906 16.2 7 0.1
1621 -4.88928 -23.113 16.5 7 0.1
1622 -4.88928 -19.2238 15.1 7 0.1
1623 -4.55592 -16.8902 17.0 7 0.1
1624 -4.88928 -18.557 14.7 7 0.0
1625 -5.0004 -19.2238 14.9 7 0.1
1626 -4.88928 -12.7788 15.3 7 0.1
1627 -4.77816 -13.89 15.1 7 0.1
1628 -5.11152 -13.001 15.7 7 0.1
1629 -5.0004 -15.0012 14.9 7 0.1
1630 -4.88928 -8.00064 16.0 7 0.1
1631 -4.88928 -8.77848 15.8 7 0.1
1632 -5.0004 -9.4452 14.5 7 0.1
1633 -5.33376 -9.88968 14.8 7 0.1
1634 -5.0004 -4.88928 15.2 7 0.1
1635 -4.66704 -5.0004 15.1 7 0.1
1636 -4.33368 -4.88928 14.9 7 0.1
1637 -4.88928 -5.44488 13.6 7 0.1
1638 -4.77816 1.44456 15.5 7 0.1
1639 -4.77816 0.5556 15.0 7 0.1
1640 -5.0004 0 15.1 7 0.1
1641 -4.88928 0.5556 15.3 7 0.1
1642 -5.11152 4.4448 15.7 7 0.1
1643 -5.0004 4.66704 15.3 7 0.1
1644 -4.88928 4.4448 14.7 7 0.1
1645 -4.4448 4.4448 15.3 7 0.1
1646 -5.0004 9.66744 15.2 7 0.1
1647 -4.88928 8.77848 15.1 7 0.1
1648 -4.66704 10.0008 14.8 7 0.1
1649 -4.66704 9.66744 14.8 7 0.1
1650 -5.11152 14.5567 15.1 7 0.1
1651 -4.88928 14.4456 15.1 7 0.1
1652 -4.88928 14.1122 14.9 7 0.1
1653 -5.11152 13.89 15.9 7 0.1
1654 -4.77816 17.557 16.4 7 0.1
1655 -5.33376 17.7792 16.4 7 0.1
1656 -5.22264 17.6681 15.8 7 0.1
1657 -4.88928 17.3347 17.1 7 0.1
1658 -5.0004 24.4464 12.8 7 0.1
1659 -5.44488 22.3351 16.9 7 0.1
1660 -4.66704 23.0018 16.0 7 0.1
1661 -5.33376 23.5574 15.4 7 0.1
1662 -4.88928 29.1134 14.9 7 0.1
1663 -4.4448 27.6689 17.7 7 0.1
1664 -4.4448 26.7799 17.9 7 0.1
1665 -4.33368 29.1134 14.2 7 0.1
1666 0.22224 -27.5578 15.6 7 0.1
1667 -0.11112 -29.2246 13.4 7 0.1
1668 -0.11112 -29.5579 14.2 7 0.1
1669 -0.22224 -28.0022 16.4 7 0.1
1670 -0.22224 -24.113 15.2 7 0.1
1671 -0.66672 -22.0018 17.8 7 0.1
1672 0.11112 -21.6684 18.3 7 0.1
1673 -0.22224 -23.3352 16.2 7 0.1
1674 -0.11112 -18.557 15.6 7 0.1
1675 -0.33336 -19.5571 16.3 7 0.1
1676 0.33336 -18.8904 13.8 7 0.1
1677 -0.77784 -17.3347 16.1 7 0.1
1678 -0.22224 -14.3345 15.6 7 0.1
1679 -0.33336 -13.6678 16.3 7 0.1
1680 -0.22224 -12.6677 15.1 7 0.1
1681 -0.33336 -15.0012 15.9 7 0.1
1682 -0.22224 -9.11184 15.1 7 0.1
1683 -0.5556 -9.88968 15.3 7 0.1
1684 0.44448 -9.22296 15.7 7 0.1
1685 -0.33336 -8.22288 14.9 7 0.1
1686 0 -5.0004 15.6 7 0.1
1687 -0.44448 -5.66712 15.8 7 0.1
1688 -0.5556 -5.0004 14.9 7 0.1
1689 -0.44448 -4.33368 15.3 7 0.1
1690 -0.33336 -0.88896 15.0 7 0.1
1691 0.11112 0.33336 15.3 7 0.1
1692 -0.11112 0.77784 15.2 7 0.1
1693 -0.22224 0.22224 15.8 7 0.1
1694 0.22224 4.77816 16.1 7 0.1
1695 -0.66672 4.88928 14.8 7 0.1
1696 0 4.77816 15.2 7 0.1
1697 -0.22224 5.11152 14.8 7 0.1
1698 -0.44448 8.66736 16.4 7 0.1
1699 -0.22224 8.66736 15.3 7 0.1
1700 -0.5556 9.33408 14.4 7 0.1
1701 -0.33336 8.77848 15.5 7 0.1
1702 0.33336 13.7789 15.0 7 0.1
1703 -0.11112 14.3345 15.5 7 0.1
1704 -0.22224 14.2234 16.1 7 0.1
1705 0 14.1122 14.4 7 0.1
1706 0.22224 18.7793 16.5 7 0.1
1707 -0.44448 19.6682 13.7 7 0.1
1708 0 19.3349 13.6 7 0.1
1709 -0.33336 18.557 15.7 7 0.1
1710 0.11112 24.3353 15.1 7 0.1
1711 0.22224 24.0019 14.3 7 0.1
1712 -0.11112 23.8908 13.8 7 0.1
1713 -0.11112 24.0019 15.5 7 0.1
1714 -0.11112 27.6689 16.9 7 0.1
1715 -0.11112 28.1134 16.3 7 0.0
1716 0.88896 28.2245 16.3 7 0.1
1717 0.44448 27.3355 17.9 7 0.1
1718 5.22264 -29.2246 12.1 7 0.1
1719 4.4448 -27.4466 16.4 7 0.1
1720 4.88928 -28.5578 14.0 7 0.1
1721 4.33368 -29.7802 12.6 7 0.1
1722 4.22256 -23.5574 15.2 7 0.1
1723 4.4448 -24.5575 13.3 7 0.1
1724 4.22256 -23.5574 15.9 7 0.1
1725 4.00032 -24.0019 14.1 7 0.1
1726 4.55592 -19.0015 15.7 7 0.1
1727 4.77816 -19.7794 14.8 7 0.1
1728 4.33368 -18.2237 15.3 7 0.1
1729 4.77816 -19.2238 15.1 7 0.1
1730 4.33368 -15.0012 15.1 7 0.1
1731 4.55592 -13.89 14.2 7 0.1
1732 3.8892 -14.2234 14.7 7 0.1
1733 4.55592 -14.3345 16.0 7 0.1
1734 4.22256 -9.88968 14.9 7 0.1
1735 4.55592 -9.4452 14.9 7 0.1
1736 4.4448 -10.0008 14.7 7 0.1
1737 4.55592 -8.66736 16.2 7 0.1
1738 4.66704 -4.77816 15.3 7 0.1
1739 4.4448 -6.00048 14.6 7 0.1
1740 4.33368 -4.33368 15.0 7 0.1
1741 4.33368 -6.6672 14.4 7 0.1
1742 4.33368 -0.22224 14.9 7 0.1
1743 4.4448 0.33336 16.1 7 0.1
1744 4.11144 -0.33336 15.4 7 0.1
1745 4.33368 -0.5556 15.5 7 0.1
1746 4.77816 5.11152 15.3 7 0.1
1747 4.33368 4.4448 15.0 7 0.1
1748 4.77816 4.4448 15.6 7 0.1
1749 4.66704 4.00032 16.6 7 0.1
1750 4.55592 9.4452 14.4 7 0.1
1751 4.4448 9.4452 15.0 7 0.1
1752 4.00032 8.11176 14.8 7 0.1
1753 4.22256 9.77856 14.0 7 0.1
1754 4.55592 15.1123 15.1 7 0.1
1755 4.33368 14.0011 14.8 7 0.1
1756 5.11152 15.3346 14.7 7 0.1
1757 4.00032 12.6677 15.8 7 0.1
1758 4.88928 18.6682 14.2 7 0.1
1759 5.11152 17.2236 17.0 7 0.1
1760 4.55592 20.2238 12.6 7 0.1
1761 4.66704 18.557 16.3 7 0.1
1762 5.22264 23.6686 15.3 7 0.1
1763 4.33368 22.1129 17.5 7 0.1
1764 4.00032 23.113 15.8 7 0.0
1765 5.33376 24.6686 11.7 7 0.1
1766 4.00032 28.8912 14.7 7 0.1
1767 4.55592 28.669 14.6 7 0.1
1768 5.44488 29.5579 13.0 7 0.1
1769 5.33376 29.3357 9.1 7 0.1
1770 8.77848 -28.4467 15.2 7 0.1
1771 9.22296 -29.0023 14.3 7 0.1
1772 9.00072 -29.669 9.4 7 0.1
1773 9.11184 -26.2243 19.9 7 0.1
1774 8.334 -22.6685 16.9 7 0.1
1775 9.22296 -23.2241 15.3 7 0.1
1776 9.33408 -23.7797 16.0 7 0.1
1777 9.11184 -23.8908 15.5 7 0.1
1778 9.33408 -18.2237 15.3 7 0.1
1779 9.33408 -19.8905 13.9 7 0.1
1780 9.11184 -20.2238 13.5 7 0.1
1781 9.22296 -19.3349 15.0 7 0.0
1782 9.00072 -14.6678 14.6 7 0.1
1783 9.11184 -14.2234 15.0 7 0.1
1784 9.22296 -15.4457 13.8 7 0.1
1785 8.8896 -14.5567 14.9 7 0.1
1786 9.22296 -8.11176 15.4 7 0.1
1787 9.22296 -10.0008 15.2 7 0.1
1788 9.11184 -8.77848 15.0 7 0.1
1789 9.22296 -9.55632 15.1 7 0.1
1790 9.11184 -5.44488 15.6 7 0.1
1791 9.00072 -5.22264 15.4 7 0.1
1792 9.22296 -4.77816 15.1 7 0.1
1793 9.22296 -5.11152 15.2 7 0.1
1794 9.00072 -0.33336 16.0 7 0.1
1795 9.55632 -1.55568 15.2 7 0.1
1796 9.00072 -0.66672 15.1 7 0.1
1797 9.00072 -0.66672 15.3 7 0.1
1798 9.11184 5.66712 15.0 7 0.1
1799 9.33408 5.33376 14.5 7 0.1
1800 9.22296 5.33376 14.2 7 0.1
1801 9.22296 4.22256 15.5 7 0.1
1802 8.8896 10.1119 15.0 7 0.1
1803 9.4452 10.3342 15.2 7 0.1
1804 9.4452 9.88968 14.6 7 0.1
1805 8.8896 8.66736 15.0 7 0.1
1806 8.77848 14.2234 14.9 7 0.1
1807 8.55624 14.4456 13.9 7 0.1
1808 9.22296 14.6678 15.3 7 0.1
1809 8.8896 13.1122 17.6 7 0.0
1810 9.4452 19.3349 15.2 7 0.1
1811 9.00072 19.7794 13.0 7 0.1
1812 9.33408 19.1126 15.3 7 0.1
1813 9.11184 19.0015 15.5 7 0.1
1814 8.77848 23.3352 15.2 7 0.1
1815 9.33408 22.3351 16.6 7 0.1
1816 9.4452 22.6685 17.3 7 0.1
1817 9.11184 24.6686 14.9 7 0.1
1818 9.00072 26.7799 19.1 7 0.1
1819 8.8896 27.0022 20.8 7 0.1
1820 9.22296 27.1133 17.9 7 0.1
1821 9.33408 28.3356 15.5 7 0.1
1822 13.6678 -26.3354 19.4 7 0.1
1823 14.6678 -26.1132 19.9 7 0.1
1824 13.89 -28.1134 17.5 7 0.1
1825 13.7789 -27.78 16.8 7 0.1
1826 13.6678 -22.3351 16.7 7 0.1
1827 13.7789 -22.8907 14.8 7 0.1
1828 13.89 -24.113 15.1 7 0.1
1829 14.0011 -22.4462 16.7 7 0.1
1830 13.3344 -17.0014 16.7 7 0.1
1831 13.5566 -18.6682 16.0 7 0.1
1832 14.2234 -20.4461 11.3 7 0.1
1833 13.89 -18.4459 14.9 7 0.1
1834 14.2234 -14.0011 14.8 7 0.1
1835 13.3344 -12.8899 16.0 7 0.1
1836 13.3344 -14.4456 13.9 7 0.1
1837 13.6678 -13.7789 15.4 7 0.1
1838 13.2233 -9.88968 14.5 7 0.1
1839 13.4455 -9.55632 15.3 7 0.1
1840 14.4456 -9.11184 16.5 7 0.1
1841 14.0011 -10.4453 15.2 7 0.1
1842 13.4455 -4.77816 14.5 7 0.1
1843 13.1122 -5.22264 14.2 7 0.1
1844 14.2234 -5.33376 15.1 7 0.1
1845 13.7789 -4.33368 16.5 7 0.1
1846 13.4455 0.5556 14.9 7 0.1
1847 14.0011 1.6668 14.5 7 0.1
1848 13.5566 1.44456 14.8 7 0.1
1849 13.5566 -0.5556 15.1 7 0.1
1850 13.7789 3.66696 15.4 7 0.1
1851 13.5566 2.88912 16.0 7 0.1
1852 14.0011 5.556 15.4 7 0.1
1853 13.89 5.44488 14.4 7 0.1
1854 13.6678 8.77848 16.0 7 0.1
1855 13.6678 9.55632 15.2 7 0.1
1856 13.2233 11.112 12.1 7 0.1
1857 13.4455 8.66736 15.3 7 0.1
1858 14.1122 13.7789 16.1 7 0.1
1859 14.5567 14.5567 15.1 7 0.1
1860 14.0011 15.779 12.7 7 0.1
1861 13.6678 14.0011 12.8 7 0.1
1862 13.4455 18.0014 16.6 7 0.1
1863 13.7789 18.1126 16.9 7 0.1
1864 13.7789 18.3348 16.5 7 0.1
1865 13.89 18.7793 14.3 7 0.1
1866 13.5566 23.2241 16.5 7 0.1
1867 14.4456 24.6686 13.0 7 0.1
1868 13.2233 24.2242 16.2 7 0.1
1869 13.7789 25.1131 13.1 7 0.1
1870 12.6677 27.1133 0.2 7 0.1
1871 13.7789 27.78 18.3 7 0.1
1872 14.2234 29.7802 13.3 7 0.1
1873 13.6678 26.0021 19.5 7 0.1
1874 18.7793 -29.2246 15.0 7 0.1
1875 19.5571 -28.1134 15.4 7 0.1
1876 18.7793 -29.7802 16.2 7 0.0
1877 19.446 -26.1132 20.2 7 0.1
1878 18.1126 -20.4461 21.1 7 0.1
1879 19.0015 -23.6686 15.7 7 0.1
1880 19.2238 -23.7797 15.6 7 0.1
1881 19.2238 -25.4465 13.6 7 0.1
1882 18.7793 -18.4459 16.0 7 0.1
1883 18.6682 -19.2238 16.6 7 0.1
1884 19.2238 -20.2238 14.2 7 0.1
1885 18.2237 -18.8904 15.9 7 0.1
1886 19.2238 -14.8901 15.9 7 0.1
1887 18.6682 -14.8901 14.4 7 0.1
1888 18.3348 -13.7789 17.1 7 0.1
1889 18.6682 -13.7789 16.1 7 0.1
1890 18.557 -9.22296 16.0 7 0.1
1891 18.4459 -8.8896 16.2 7 0.1
1892 17.8903 -11.2231 14.2 7 0.1
1893 18.557 -9.00072 15.7 7 0.1
1894 18.7793 -4.11144 16.1 7 0.1
1895 18.0014 -5.11152 15.5 7 0.1
1896 18.4459 -4.77816 15.6 7 0.1
1897 18.4459 -6.1116 15.2 7 0.1
1898 18.3348 1.44456 14.7 7 0.1
1899 18.4459 1.55568 15.1 7 0.1
1900 18.7793 1.00008 16.3 7 0.1
1901 18.8904 0 15.6 7 0.1
1902 18.557 5.11152 16.0 7 0.1
1903 18.6682 3.22248 14.9 7 0.1
1904 18.2237 3.8892 16.1 7 0.1
1905 18.4459 4.77816 15.1 7 0.1
1906 18.6682 10.3342 15.2 7 0.1
1907 17.8903 8.22288 16.8 7 0.1
1908 18.6682 8.11176 16.1 7 0.1
1909 18.557 8.8896 15.9 7 0.1
1910 18.2237 15.2234 15.9 7 0.1
1911 18.6682 12.1121 17.4 7 0.1
1912 19.0015 14.8901 15.4 7 0.1
1913 18.1126 13.7789 15.3 7 0.1
1914 18.4459 17.0014 18.1 7 0.1
1915 18.0014 19.1126 15.1 7 0.1
1916 18.8904 20.4461 14.8 7 0.1
1917 17.8903 18.0014 16.2 7 0.1
1918 18.7793 22.7796 14.5 7 0.1
1919 18.0014 23.0018 15.7 7 0.1
1920 19.0015 25.4465 12.6 7 0.1
1921 18.0014 22.8907 15.6 7 0.1
1922 19.3349 31.447 5.0 7 0.1
1923 18.8904 27.1133 18.0 7 0.1
1924 17.6681 27.5578 18.5 7 0.1
1925 19.1126 27.2244 16.8 7 0.1
1926 23.0018 -26.1132 20.9 7 0.1
1927 22.7796 -28.2245 16.8 7 0.1
1928 21.1128 -28.1134 0.0 7 0.1
1929 24.0019 -27.2244 17.2 7 0.1
1930 23.5574 -22.3351 19.0 7 0.1
1931 23.2241 -25.4465 13.7 7 0.1
1932 24.2242 -23.0018 17.7 7 0.1
1933 22.7796 -22.5574 18.6 7 0.1
1934 23.2241 -17.557 16.0 7 0.1
1935 23.4463 -18.0014 16.9 7 0.1
1936 23.4463 -20.2238 13.0 7 0.1
1937 23.5574 -19.2238 15.4 7 0.1
1938 23.2241 -13.7789 16.5 7 0.1
1939 23.113 -14.0011 15.6 7 0.1
1940 22.1129 -13.4455 18.5 7 0.1
1941 23.3352 -14.3345 15.3 7 0.1
1942 23.5574 -11.112 15.6 7 0.1
1943 23.4463 -9.22296 15.9 7 0.1
1944 22.0018 -9.22296 15.6 7 0.1
1945 23.6686 -9.33408 16.6 7 0.1
1946 22.4462 -5.44488 16.6 7 0.1
1947 23.2241 -4.22256 14.3 7 0.1
1948 23.113 -4.77816 16.5 7 0.1
1949 23.113 -5.33376 15.7 7 0.1
1950 23.113 0 15.8 7 0.1
1951 22.4462 0.66672 15.8 7 0.1
1952 22.5574 0.66672 15.3 7 0.1
1953 23.4463 -1.00008 16.4 7 0.1
1954 23.2241 6.1116 15.9 7 0.1
1955 23.4463 5.66712 14.8 7 0.1
1956 22.7796 5.44488 15.4 7 0.1
1957 23.3352 5.77824 15.0 7 0.1
1958 22.6685 11.5565 14.6 7 0.1
1959 22.8907 10.6675 15.9 7 0.1
1960 23.5574 10.8898 14.8 7 0.1
1961 22.7796 8.22288 17.0 7 0.1
1962 22.8907 12.7788 17.1 7 0.1
1963 23.0018 15.5568 14.0 7 0.1
1964 22.5574 12.8899 17.7 7 0.1
1965 22.1129 14.3345 16.9 7 0.1
1966 23.2241 20.1127 13.7 7 0.1
1967 22.7796 17.1125 17.4 7 0.1
1968 23.4463 16.8902 19.3 7 0.1
1969 23.0018 19.8905 15.0 7 0.1
1970 23.0018 20.6683 21.6 7 0.1
1971 22.0018 27.0022 12.0 7 0.1
1972 22.3351 21.8906 19.9 7 0.1
1973 23.3352 24.6686 16.2 7 0.1
1974 23.2241 28.1134 18.4 7 0.1
1975 23.5574 29.5579 12.1 7 0.1
1976 22.6685 27.0022 18.8 7 0.1
1977 23.5574 28.8912 14.7 7 0.1
1978 28.669 -29.669 14.5 7 0.1
1979 28.4467 -30.3358 14.6 7 0.1
1980 27.6689 -27.78 18.2 7 0.1
1981 27.6689 -27.4466 19.1 7 0.1
1982 27.6689 -23.5574 17.0 7 0.1
1983 27.8911 -23.3352 17.8 7 0.1
1984 27.6689 -24.113 16.9 7 0.1
1985 27.2244 -24.8909 16.5 7 0.1
1986 28.3356 -19.2238 15.9 7 0.1
1987 28.2245 -21.1128 11.6 7 0.1
1988 27.0022 -20.2238 14.7 7 0.1
1989 27.3355 -18.557 18.3 7 0.1
1990 28.1134 -12.7788 16.8 7 0.1
1991 28.1134 -14.1122 16.4 7 0.1
1992 28.5578 -16.2235 13.7 7 0.1
1993 27.1133 -13.4455 17.0 7 0.1
1994 28.4467 -8.55624 16.9 7 0.0
1995 28.8912 -10.3342 15.7 7 0.1
1996 27.1133 -8.00064 17.5 7 0.1
1997 27.5578 -5.77824 18.3 7 0.1
1998 28.0022 -5.33376 16.3 7 0.1
1999 27.0022 -4.22256 17.1 7 0.1
2000 27.8911 -3.66696 15.9 7 0.1
2001 26.7799 -6.22272 15.6 7 0.0
2002 27.78 0.66672 15.4 7 0.1
2003 28.0022 -0.88896 16.6 7 0.1
2004 27.0022 0.33336 16.1 7 0.1
2005 27.8911 0.44448 15.2 7 0.1
2006 27.8911 3.44472 16.0 7 0.1
2007 27.1133 3.77808 17.2 7 0.1
2008 27.6689 6.00048 16.2 7 0.1
2009 27.8911 4.11144 16.2 7 0.1
2010 28.0022 10.223 16.1 7 0.1
2011 27.5578 10.3342 16.8 7 0.1
2012 28.0022 8.11176 17.0 7 0.1
2013 27.78 8.77848 16.4 7 0.1
2014 27.3355 14.2234 16.8 7 0.1
2015 28.1134 16.5569 13.1 7 0.1
2016 27.1133 17.2236 14.3 7 0.1
2017 27.8911 12.5566 17.8 7 0.1
2018 27.2244 17.8903 16.6 7 0.1
2019 27.5578 20.1127 13.7 7 0.1
2020 27.8911 21.335 14.4 7 0.1
2021 27.8911 18.557 14.7 7 0.1
2022 27.4466 24.0019 18.3 7 0.1
2023 27.4466 22.4462 20.1 7 0.1
2024 28.0022 24.8909 13.7 7 0.1
2025 27.6689 23.5574 16.6 7 0.1
2026 27.3355 29.0023 16.0 7 0.1
2027 27.78 29.3357 16.8 7 0.1
2028 28.4467 26.2243 20.9 7 0.1
2029 27.2244 27.78 18.8 7 0.1
